#time   x    y
0.0    30.5347395422819    60.000065884124155
2.857142857142857e-10    31.410965966802745    60.00001073837191
5.714285714285714e-10    32.315782079933186    59.99995661011347
8.571428571428571e-10    33.24049438412656    59.99989233087009
1.1428571428571428e-9    34.18052857529258    59.99981408867839
1.4285714285714286e-9    35.13278682477272    59.99971915994303
1.7142857142857142e-9    36.094670827984096    59.99960355950964
2.0e-9    37.06411790377783    59.99946232620642
2.2857142857142857e-9    38.03951260619639    59.99928932033408
2.5714285714285712e-9    39.019584967338645    59.99907691907401
2.857142857142857e-9    40.00333556844123    59.99881565740252
3.1428571428571428e-9    40.989977779552156    59.99849377776468
3.4285714285714283e-9    41.97889188778204    59.99809667055322
3.7142857142857143e-9    42.9695889051284    59.99760617655955
4.0e-9    43.96168207272797    59.99699971762345
4.285714285714286e-9    44.95486438605983    59.996249212911614
4.571428571428571e-9    45.94889082082281    59.995319727766756
4.857142857142857e-9    46.94356421252373    59.99416778896733
5.1428571428571425e-9    47.938723955116046    59.99273928403308
5.428571428571429e-9    48.934236850419786    59.990966842079125
5.714285714285714e-9    49.92998956858048    59.98876656889716
6.0e-9    50.92588227709563    59.98603397836701
6.2857142857142855e-9    51.92182306746621    59.98263892491007
6.571428571428571e-9    52.91772285879156    59.97841929616086
6.857142857142857e-9    53.913490489958306    59.97317317005208
7.142857142857143e-9    54.90902772923397    59.96664907490423
7.4285714285714286e-9    55.90422393431405    59.95853391363466
7.714285714285714e-9    56.8989500895655    59.94843802375856
8.0e-9    57.89305193309371    59.93587674380593
8.285714285714285e-9    58.88634186849656    59.92024774701513
8.571428571428572e-9    59.87858934138942    59.90080329050415
8.857142857142856e-9    60.86950935985225    59.87661642333151
9.142857142857143e-9    61.85874886841835    59.84654011837204
9.428571428571429e-9    62.845870775021986    59.80915826950086
9.714285714285714e-9    63.830335622413465    59.76272757099544
1.0e-8    64.81148125363242    59.7051095327932
1.0285714285714285e-8    65.78850143610717    59.633692369394005
1.0571428571428571e-8    66.76042540370612    59.54530334434874
1.0857142857142858e-8    67.72610180405839    59.436113494248694
1.1142857142857142e-8    68.68419277189616    59.30153865557058
1.1428571428571429e-8    69.63318693850516    59.1361435418844
1.1714285714285714e-8    70.57144418568005    58.93355942919035
1.2e-8    71.49728967511969    58.686430946669674
1.2285714285714286e-8    72.40917949675713    58.38641366798029
1.2571428571428571e-8    73.30596381141201    58.02425180775733
1.2857142857142857e-8    74.18727316800121    57.589974561518744
1.3142857142857142e-8    75.05404592236285    57.07326069690258
1.3428571428571429e-8    75.90919400115267    56.46403366775416
1.3714285714285713e-8    76.75836400195577    55.753361751139096
1.4e-8    77.61068417935026    54.93474291237945
1.4285714285714286e-8    78.47929215414068    54.00583680882059
1.457142857142857e-8    79.38132157786576    52.970638061987074
1.4857142857142857e-8    80.33692271361397    51.84192596067732
1.5142857142857142e-8    81.36688040185713    50.64354464329985
1.5428571428571428e-8    82.48860093895155    49.4116923716819
1.5714285714285715e-8    83.71079465199088    48.19409385763793
1.6e-8    85.02806179468526    47.0460363864365
1.6285714285714284e-8    86.41742010213248    46.02313430145618
1.657142857142857e-8    87.8388564030876    45.17230565438328
1.6857142857142857e-8    89.24066788970391    44.523943625961124
1.7142857142857143e-8    90.56811306270558    44.088338159918344
1.742857142857143e-8    91.7722368272215    43.85759266923404
1.7714285714285713e-8    92.81595274180484    43.81177553401036
1.8e-8    93.67626985462798    43.92661411238909
1.8285714285714285e-8    94.34349227401732    44.18030358785225
1.8571428571428572e-8    94.8191918770854    44.55819675864462
1.8857142857142858e-8    95.1146977095239    45.055191261019544
1.914285714285714e-8    95.25126567725307    45.67600380141006
1.9428571428571428e-8    95.262368538232    46.43324637498724
1.9714285714285714e-8    95.19766548866988    47.342608859269475
2.0e-8    95.12691057509434    48.41400869757569
2.0285714285714287e-8    95.14026179850725    49.638095368274726
2.057142857142857e-8    95.33994381009751    50.96998011363505
2.0857142857142856e-8    95.81914157623561    52.316675112688245
2.1142857142857143e-8    96.62989528364406    53.53899259754761
2.142857142857143e-8    97.75205308986627    54.476922947675575
2.1714285714285715e-8    99.08272664291184    54.99545650494161
2.2e-8    100.45954502127474    55.03087613647531
2.2285714285714285e-8    101.71037678723215    54.61156805462856
2.257142857142857e-8    102.70358452595416    53.8421391140177
2.2857142857142858e-8    103.3744035129416    52.863246311092816
2.3142857142857144e-8    103.72181846157667    51.81071175434346
2.3428571428571427e-8    103.78733948197348    50.79031159028671
2.3714285714285713e-8    103.63079651536584    49.870764198615234
2.4e-8    103.31237655105465    49.088764064844064
2.4285714285714286e-8    102.88306407495114    48.45865142076327
2.4571428571428573e-8    102.38170802377978    47.981844870347935
2.4857142857142856e-8    101.83603050451453    47.654002979968276
2.5142857142857142e-8    101.26547094851321    47.46963580324565
2.542857142857143e-8    100.68463566208754    47.424578985250534
2.5714285714285715e-8    100.10677625857592    47.516806500474736
2.6e-8    99.54703899668979    47.74586599639249
2.6285714285714284e-8    99.02524695519945    48.11100235426843
2.657142857142857e-8    98.56776797566293    48.60794071414413
2.6857142857142857e-8    98.20769173235927    49.22446563681965
2.7142857142857143e-8    97.98230317074332    49.93547061777282
2.7428571428571426e-8    97.92705703905179    50.69902706566604
2.7714285714285713e-8    98.06631024845653    51.45584899237743
2.8e-8    98.4029639639415    52.13450371436161
2.8285714285714286e-8    98.9110681714224    52.66302919566243
2.8571428571428572e-8    99.5357414787588    52.98440401644161
2.8857142857142855e-8    100.20226826696376    53.070338047350816
2.914285714285714e-8    100.8317994505003    52.92759114266013
2.9428571428571428e-8    101.35762225504637    52.59432951676684
2.9714285714285714e-8    101.73604715463503    52.128802393396334
3.0e-8    101.94930382679507    51.59557557043433
3.0285714285714284e-8    102.00175125208789    51.05420277598952
3.057142857142857e-8    101.9127850223613    50.55270389954076
3.0857142857142856e-8    101.70966141840407    50.12565545585251
3.114285714285714e-8    101.42210776622036    49.795319972486325
3.142857142857143e-8    101.0792092778251    49.57406356889656
3.1714285714285716e-8    100.7082008668973    49.466773056220276
3.2e-8    100.33445271154824    49.47257308380902
3.228571428571429e-8    99.98191328217791    49.58561722083799
3.257142857142857e-8    99.67337892311147    49.795053349686725
3.2857142857142855e-8    99.43011282108226    50.08449760552726
3.314285714285714e-8    99.27054360497495    50.43153493159694
3.342857142857143e-8    99.20807286303555    50.80787885146777
3.3714285714285714e-8    99.2484122855446    51.1807837864942
3.4e-8    99.38725825683231    51.51601266304143
3.4285714285714286e-8    99.60929683704029    51.782111526286805
3.457142857142857e-8    99.8893144917044    51.955101500990466
3.485714285714286e-8    100.19553837256802    52.02229201130143
3.5142857142857146e-8    100.49449341730829    51.98403931249334
3.5428571428571425e-8    100.75607160283235    51.852938857174415
3.571428571428571e-8    100.95748506387572    51.6508263037559
3.6e-8    101.08530047891158    51.40461527768629
3.6285714285714284e-8    101.13549760985329    51.142145387058655
3.657142857142857e-8    101.11207798854653    50.88890038768618
3.685714285714286e-8    101.02497398562122    50.66594709151034
3.7142857142857144e-8    100.88791007327731    50.48900513783619
3.742857142857143e-8    100.71660687424931    50.368318025812506
3.7714285714285716e-8    100.52744899364275    50.30895361867078
3.7999999999999996e-8    100.33654576481194    50.31124656555982
3.828571428571428e-8    100.1590210481423    50.371229889098814
3.857142857142857e-8    100.00836057875043    50.48103582227897
3.8857142857142855e-8    99.895700233083    50.62934724625433
3.914285714285714e-8    99.82903344169405    50.80203341928591
3.942857142857143e-8    99.8124260870954    50.9830951806419
3.9714285714285714e-8    99.84542067954672    51.15597160592601
4.0e-8    99.92285119830589    51.305135811453226
4.028571428571429e-8    100.03524657991922    51.41777025884548
4.0571428571428574e-8    100.16987301370976    51.485217295984526
4.0857142857142853e-8    100.31229110479643    51.50389882398404
4.114285714285714e-8    100.44815099308538    51.47550461378261
4.1428571428571426e-8    100.56488108656484    51.40642692536673
4.171428571428571e-8    100.65297037459753    51.30659995361617
4.2e-8    100.70667492188181    51.18801859547237
4.2285714285714285e-8    100.72413662499916    51.06323034915608
4.257142857142857e-8    100.70702726375808    50.944030305596606
4.285714285714286e-8    100.65989107185385    50.84048447763684
