#time   x    y
0.0    30.5347395422819    60.000065884124155
3.3333333333333337e-10    31.411957594784926    60.00000478238738
6.666666666666667e-10    32.316091721219784    59.99994299730695
1.0e-9    33.24049459356115    59.99986888618256
1.3333333333333335e-9    34.18051734176891    59.999778849816494
1.666666666666667e-9    35.13277842615928    59.99966936657033
2.0e-9    36.0946575119995    59.99953574375869
2.3333333333333335e-9    37.0640993152836    59.9993722035562
2.666666666666667e-9    38.03948806143175    59.99917157998613
3.0000000000000004e-9    39.01955296066654    59.99892497753074
3.333333333333334e-9    40.00329422332944    59.99862134995179
3.6666666666666672e-9    40.98992477567064    59.99824697584283
4.0e-9    41.97882431931546    59.99778480553555
4.333333333333334e-9    42.96950313190846    59.997213647203274
4.666666666666667e-9    43.9615735336217    59.996507152493805
5.000000000000001e-9    44.95472736277046    59.99563255207171
5.333333333333334e-9    45.948718140442494    59.994549079162475
5.666666666666667e-9    46.94334687289966    59.993206003978614
6.000000000000001e-9    47.938450652776226    59.991540182977765
6.333333333333334e-9    48.933893385580745    59.98947300344076
6.666666666666668e-9    49.929558095236914    59.98690657498384
7.000000000000001e-9    50.92534035795049    59.98371898397605
7.3333333333333345e-9    51.92114248336569    59.97975838335788
7.666666666666667e-9    52.91686810988128    59.974835637376216
8.0e-9    53.91241691064895    59.9687151768888
8.333333333333334e-9    54.90767912105413    59.961103644682886
8.666666666666668e-9    55.90252959959526    59.95163582050117
9.000000000000001e-9    56.89682112508383    59.93985721183165
9.333333333333334e-9    57.890376617169395    59.925202579870216
9.666666666666667e-9    58.882979950000276    59.90696954363206
1.0000000000000002e-8    59.87436501901259    59.88428627598627
1.0333333333333335e-8    60.86420273278424    59.856072186249506
1.0666666666666668e-8    61.852085658637606    59.82099039620263
1.1000000000000001e-8    62.83751018865472    59.77739079390878
1.1333333333333334e-8    63.819856367297184    59.72324254277039
1.1666666666666669e-8    64.79836601469832    59.65605520429874
1.2000000000000002e-8    65.7721206059207    59.57278820058908
1.2333333333333335e-8    66.74002168003229    59.46974932507921
1.2666666666666668e-8    67.70077854277704    59.342484565616324
1.3000000000000002e-8    68.65291089827319    59.18566381540794
1.3333333333333335e-8    69.59477796630728    58.99297031363854
1.3666666666666668e-8    70.52465063862363    58.757006084245724
1.4000000000000001e-8    71.44084900275735    58.469231443231195
1.4333333333333334e-8    72.34197321970004    58.11996407376656
1.4666666666666669e-8    73.22725941936456    57.69847256759198
1.5000000000000002e-8    74.09709071820514    57.193211160745925
1.5333333333333335e-8    74.95368162066494    56.5922570274169
1.5666666666666668e-8    75.80192493876763    55.88402837783989
1.6e-8    76.65033547731143    55.05837706148792
1.6333333333333334e-8    77.51193624657071    54.10815247799172
1.6666666666666667e-8    78.40480941784074    53.031300422283735
1.7000000000000003e-8    79.35189300741484    51.83345024639047
1.7333333333333336e-8    80.3795024862987    50.53070645182384
1.766666666666667e-8    81.51411238421359    49.15197382390165
1.8000000000000002e-8    82.77731509923699    47.73969200028726
1.8333333333333335e-8    84.17969792088344    46.34761946586766
1.866666666666667e-8    85.71547782258747    45.03475397209686
1.9e-8    87.36045112380715    43.855927824725846
1.9333333333333334e-8    89.07523169708618    42.851645512173576
1.9666666666666667e-8    90.81358422782547    42.04094365834352
2.0000000000000004e-8    92.53307981442151    41.4201108015563
2.0333333333333337e-8    94.20424581721775    40.96735682043163
2.066666666666667e-8    95.81559923757347    40.65100522645459
2.1000000000000003e-8    97.37423464293722    40.43815322798866
2.1333333333333336e-8    98.90323380567874    40.301822631402985
2.166666666666667e-8    100.43736060874664    40.22610493956584
2.2000000000000002e-8    102.01770889323177    40.20963257969788
2.2333333333333335e-8    103.68496677591108    40.267540423089315
2.2666666666666668e-8    105.47051226344946    40.43104345327405
2.3000000000000004e-8    107.3854857002584    40.74241811299047
2.3333333333333337e-8    109.41086959118161    41.2430426409439
2.366666666666667e-8    111.49510965007194    41.95550295002102
2.4000000000000003e-8    113.56523343936855    42.867493548599676
2.4333333333333336e-8    115.5490840376258    43.928736141847864
2.466666666666667e-8    117.39646772997865    45.06486365785112
2.5000000000000002e-8    119.08769716977623    46.19949557241631
2.5333333333333335e-8    120.62872668177388    47.271664627782826
2.5666666666666668e-8    122.04024045549001    48.24268699820344
2.6000000000000005e-8    123.34773556343292    49.09452721678661
2.6333333333333338e-8    124.57540036499024    49.824365428401094
2.666666666666667e-8    125.74346022866423    50.43884944526641
2.7000000000000004e-8    126.86766969905969    50.94955873163158
2.7333333333333337e-8    127.95980647579495    51.36994416850476
2.766666666666667e-8    129.02847620454133    51.71348517572757
2.8000000000000003e-8    130.07989870925786    51.992699421355226
2.8333333333333336e-8    131.11855699136373    52.21869476327475
2.866666666666667e-8    132.14769099061775    52.401041705357606
2.9000000000000005e-8    133.16965697322658    52.5478216220584
2.9333333333333338e-8    134.18618288599632    52.66576155343688
2.966666666666667e-8    135.19854769130285    52.760403115771155
3.0000000000000004e-8    136.2077068969476    52.83627619700631
3.0333333333333334e-8    137.2143806390835    52.897062169782785
3.066666666666667e-8    138.21911588451047    52.94573965462103
3.1000000000000006e-8    139.22233074663953    52.9847105968354
3.1333333333333336e-8    140.2243463766489    53.01590698636409
3.166666666666667e-8    141.2254101453917    53.0408798265221
3.2e-8    142.2257126464689    53.06087248654244
3.233333333333334e-8    143.22540025155826    53.07688068274678
3.266666666666667e-8    144.2245844096813    53.08970122230121
3.3000000000000004e-8    145.22334851587635    53.09997142851598
3.3333333333333334e-8    146.22175292279047    53.108200914736024
3.366666666666667e-8    147.21983849223855    53.114797121791774
3.4000000000000007e-8    148.21762895667356    53.12008580064457
3.4333333333333336e-8    149.21513226538275    53.12432741537141
3.466666666666667e-8    150.2123410153263    53.12773026417571
3.5e-8    151.20923200365064    53.13046096665987
3.533333333333334e-8    152.20576488163772    53.132652841473465
3.566666666666667e-8    153.20187983368947    53.13441259650054
3.6000000000000005e-8    154.19749414530165    53.135825670609734
3.6333333333333334e-8    155.19249745681932    53.136960498628746
3.666666666666667e-8    156.18674542110773    53.13787191688427
3.700000000000001e-8    157.18005138752258    53.13860388293245
3.733333333333334e-8    158.17217561733423    53.13919164811346
3.766666666666667e-8    159.1628113890576    53.13966349350619
3.8e-8    160.15156716950796    53.14004211749505
3.833333333333334e-8    161.13794379766202    53.14034574525317
3.866666666666667e-8    162.1213053437262    53.14058901624372
3.9000000000000005e-8    163.10084195325769    53.14078369441098
3.9333333333333335e-8    164.07552255423087    53.140939236741765
3.966666666666667e-8    165.0440347830168    53.141063248638815
4.000000000000001e-8    166.00470886728834    53.14116184877653
4.033333333333334e-8    166.95542149346068    53.141239961584056
4.0666666666666673e-8    167.8934749050208    53.141301551790754
4.1e-8    168.81544567969496    53.14134981260461
4.133333333333334e-8    169.71699692292833    53.14138731675413
4.166666666666667e-8    170.59264718106013    53.1414161377528
4.2000000000000006e-8    171.43548952853297    53.14143794734158
4.2333333333333335e-8    172.23685550161264    53.14145409376223
4.266666666666667e-8    172.98592154155875    53.141465664710715
4.300000000000001e-8    173.6692613376307    53.1414735379547
4.333333333333334e-8    174.27035712970402    53.1414784220654
4.3666666666666674e-8    174.76909793386903    53.141480889189886
4.4000000000000004e-8    175.14131379008418    53.14148140145512
4.433333333333334e-8    175.35842244843198    53.14148033222285
4.466666666666667e-8    175.38729610694006    53.14147798321034
4.5000000000000006e-8    175.19048479607858    53.141474598307575
4.5333333333333336e-8    174.72694855273022    53.14147037469731
4.566666666666667e-8    173.95343641330302    53.141465471834216
4.600000000000001e-8    172.8265886407338    53.1414600186847
4.633333333333334e-8    171.30571821818003    53.14145411956703
4.6666666666666674e-8    169.35605593609318    53.1414478588676
4.7000000000000004e-8    166.95205704947347    53.14144130484552
4.733333333333334e-8    164.0802313265761    53.14143451270138
4.766666666666667e-8    160.74094417840172    53.14142752705629
4.8000000000000006e-8    156.9487854774727    53.1414203839522
4.8333333333333336e-8    152.73139131056575    53.1414131124596
4.866666666666667e-8    148.12694250352297    53.14140573597969
4.900000000000001e-8    143.1808352427687    53.141398273281595
4.933333333333334e-8    137.94213742713075    53.14139073934149
4.9666666666666675e-8    132.4603931975811    53.14138314600227
5.0000000000000004e-8    126.7831671073257    53.141375502502015
