#time   x    y
0.0    30.5347395422819    60.000065884124155
2.857142857142857e-10    31.410968131783118    60.000008568283995
5.714285714285714e-10    32.315786036449516    59.999951551679445
8.571428571428571e-10    33.24050097290022    59.999883635761336
1.1428571428571428e-9    34.18053876046496    59.99980086420504
1.4285714285714286e-9    35.132801567221925    59.99970023101931
1.7142857142857142e-9    36.09469132563183    59.99957744273852
2.0e-9    37.064145660823655    59.99942714767422
2.2857142857142857e-9    38.03954951008336    59.99924271057931
2.5714285714285712e-9    39.01963339128816    59.99901588061
2.857142857142857e-9    40.00339850079841    59.99873639578445
3.1428571428571428e-9    40.99005898695823    59.99839148646236
3.4285714285714283e-9    41.97899612200525    59.997965256816485
3.7142857142857143e-9    42.96972216534073    59.99743791185106
4.0e-9    43.96185193835359    59.99678479150253
4.285714285714286e-9    44.95508043955826    59.99597516330511
4.571428571428571e-9    45.949165185100924    59.994970712854524
4.857142857142857e-9    46.94391223460615    59.99372365602445
5.1428571428571425e-9    47.93916507651414    59.9921743778716
5.428571428571429e-9    48.93479571599966    59.99024847939887
5.714285714285714e-9    49.93069744034618    59.987853083952906
6.0e-9    50.926778838029264    59.98487221854292
6.2857142857142855e-9    51.92295872476742    59.98116104064152
6.571428571428571e-9    52.91916168692841    59.97653862611003
6.857142857142857e-9    53.915313994051544    59.97077896744241
7.142857142857143e-9    54.91133966103465    59.963599751656076
7.4285714285714286e-9    55.90715645986043    59.954648392715754
7.714285714285714e-9    56.902671694051634    59.943484683865485
8.0e-9    57.89777756045334    59.92955931176925
8.285714285714285e-9    58.89234593858612    59.91218734084777
8.571428571428572e-9    59.88622247677704    59.890515641409124
8.857142857142856e-9    60.87921990089741    59.86348311501812
9.142857142857143e-9    61.87111057804837    59.829772492900645
9.428571428571429e-9    62.86161855782055    59.78775249189454
9.714285714285714e-9    63.850411638729945    59.735409275900786
1.0e-8    64.83709453994061    59.67026658829172
1.0285714285714285e-8    65.82120509912765    59.589294732177414
1.0571428571428571e-8    66.80221669493734    59.48880996738351
1.0857142857142858e-8    67.77955195439866    59.36436809889101
1.1142857142857142e-8    68.75261538679095    59.21065932297914
1.1428571428571429e-8    69.72085593443826    59.02141605434552
1.1714285714285714e-8    70.683874374839    58.789351718444436
1.2e-8    71.64159442451056    58.50615647636074
1.2285714285714286e-8    72.59451888315603    58.16258544099568
1.2571428571428571e-8    73.54409064892006    57.74868564103972
1.2857142857142857e-8    74.49316885757895    57.254218611696224
1.3142857142857142e-8    75.44660718217891    56.66934358174187
1.3428571428571429e-8    76.4118782816852    55.98562683418524
1.3714285714285713e-8    77.39962127503945    55.19742642311382
1.4e-8    78.42390113689245    54.303651592269844
1.4285714285714286e-8    79.50187997452088    53.30978964665697
1.457142857142857e-8    80.65255864070028    52.22990833076756
1.4857142857142857e-8    81.8943356363517    51.08808608595379
1.5142857142857142e-8    83.2414438820533    49.91847754792776
1.5428571428571428e-8    84.69989495050534    48.76318144524954
1.5714285714285715e-8    86.26422148110629    47.66750192993628
1.6e-8    87.91663437859464    46.67319114998945
1.6285714285714284e-8    89.62970628703367    45.811483288280385
1.657142857142857e-8    91.37230017005922    45.098356839106344
1.6857142857142857e-8    93.11691536719523    44.53381103940699
1.7142857142857143e-8    94.84598837234768    44.10527318832881
1.742857142857143e-8    96.5553462047277    43.793686109617994
1.7714285714285713e-8    98.25430816870647    43.58027935951374
1.8e-8    99.96289765889387    43.45245270976914
1.8285714285714285e-8    101.7068484969423    43.40787180370825
1.8571428571428572e-8    103.51088332483367    43.456154622766974
1.8857142857142858e-8    105.39078446670447    43.617321306929796
1.914285714285714e-8    107.34564503158346    43.91605755008845
1.9428571428571428e-8    109.35322054340219    44.371849889958746
1.9714285714285714e-8    111.37196180120787    44.987751635113824
2.0e-8    113.35093832352293    45.74330601638094
2.0285714285714287e-8    115.24383432290738    46.59640194305022
2.057142857142857e-8    117.02002796301963    47.49352617987319
2.0857142857142856e-8    118.66812108553027    48.38261502162305
2.1142857142857143e-8    120.19263060574538    49.22244212051731
2.142857142857143e-8    121.60771000440386    49.98623946396392
2.1714285714285715e-8    122.9313231104984    50.66075381494354
2.2e-8    124.18134488792155    51.24309308426883
2.2285714285714285e-8    125.3735744568817    51.73720339111131
2.257142857142857e-8    126.52106827340991    52.150905452446935
2.2857142857142858e-8    127.63419523314056    52.493752510296346
2.3142857142857144e-8    128.72100067169154    52.775640419840215
2.3428571428571427e-8    129.78764827299446    53.0059920513673
2.3714285714285713e-8    130.83883244750777    53.193337080236105
2.4e-8    131.87812305298928    53.34514437854651
2.4285714285714286e-8    132.9082377685662    53.467805051185
2.4571428571428573e-8    133.93125086167285    53.56669812614552
2.4857142857142856e-8    134.94875069389272    53.64629583682857
2.5142857142857142e-8    135.96195772620865    53.710282512235985
2.542857142857143e-8    136.9718127922904    53.761672272488056
2.5714285714285715e-8    137.97904324051834    53.80291778742346
2.6e-8    138.98421266086592    53.83600666060479
2.6285714285714284e-8    139.9877584213037    53.86254451771944
2.657142857142857e-8    140.99002011256067    53.88382526566508
2.6857142857142857e-8    141.99126117049659    53.900889681162894
2.7142857142857143e-8    142.99168534027322    53.91457376567706
2.7428571428571426e-8    143.9914492062386    53.92554834521533
2.7714285714285713e-8    144.99067168970834    53.93435130885507
2.8e-8    145.9894411794638    53.94141373567495
2.8285714285714286e-8    146.9878207824322    53.9470809951219
2.8571428571428572e-8    147.98585204683445    53.95162974243942
2.8857142857142855e-8    148.9835574045543    53.955281579949265
2.914285714285714e-8    149.98094149390747    53.9582140213827
2.9428571428571428e-8    150.97799145183163    53.96056928171175
2.9714285714285714e-8    151.97467619939076    53.9624613179003
3.0e-8    152.97094468265905    53.9639814654236
3.0285714285714284e-8    153.9667229672722    53.96520294897258
3.057142857142857e-8    154.96191001590506    53.966184491452964
3.0857142857142856e-8    155.95637189868182    53.96697320133009
3.114285714285714e-8    156.94993409279627    53.967606882696494
3.142857142857143e-8    157.9423714134619    53.968115883695496
3.1714285714285716e-8    158.9333949775809    53.968524575809646
3.2e-8    159.92263542666785    53.96885253804216
3.228571428571429e-8    160.90962141713305    53.96911550509037
3.257142857142857e-8    161.8937521148019    53.96932612681194
3.2857142857142855e-8    162.8742620939709    53.96949457673065
3.314285714285714e-8    163.85017662829043    53.96962903976439
3.342857142857143e-8    164.82025486011963    53.969736103289385
3.3714285714285714e-8    165.78291773914637    53.96982107082183
3.4e-8    166.73615693068675    53.96988821371764
3.4285714285714286e-8    167.67742012592421    53.969940973224205
3.457142857142857e-8    168.60346738439995    53.969982122727586
3.485714285714286e-8    169.5101923953761    53.970013898107155
3.5142857142857146e-8    170.39240202369024    53.97003810247893
3.5428571428571425e-8    171.24354748573498    53.97005619041726
3.571428571428571e-8    172.055401418037    53.970069335685515
3.6e-8    172.81767760444424    53.9700784857312
3.6285714285714284e-8    173.51759512188107    53.9700844055437
3.657142857142857e-8    174.1393973043741    53.970087712964116
3.685714285714286e-8    174.66384950742108    53.9700889071315
3.7142857142857144e-8    175.06775929656916    53.970088391390924
3.742857142857143e-8    175.32358866828727    53.97008649176679
3.7714285714285716e-8    175.3992585868936    53.97008347184021
3.7999999999999996e-8    175.25827641370796    53.97007954476736
3.828571428571428e-8    174.86033675073233    53.970074882960176
3.857142857142857e-8    174.16254060441779    53.97006962589828
3.8857142857142855e-8    173.1213285868359    53.97006388643865
3.914285714285714e-8    171.69511733680943    53.97005775591133
3.942857142857143e-8    169.84746643689036    53.97005130822411
3.9714285714285714e-8    167.55041522076993    53.9700446031848
4.0e-8    164.78747440787683    53.97003768918596
4.028571428571429e-8    161.5557096513121    53.97003060536123
4.0571428571428574e-8    157.86646461266906    53.97002338334167
4.0857142857142853e-8    153.74453336207858    53.970016048656376
4.114285714285714e-8    149.22592927164933    53.970008621874605
4.1428571428571426e-8    144.3546942887843    53.97000111951504
4.171428571428571e-8    139.17935054108    53.96999355477686
4.2e-8    133.74958185930655    53.96998593812986
4.2285714285714285e-8    128.1135828814571    53.96997827776915
4.257142857142857e-8    122.31630419273759    53.96997057998091
4.285714285714286e-8    116.39862693234763    53.96996284941934
