#time   x    y
0.0    30.5347395422819    60.000065884124155
2.5e-10    31.410098138125072    60.00002255480894
5.0e-10    32.316261121005546    59.999985357461355
7.500000000000001e-10    33.24040718861335    59.99993960168261
1.0e-9    34.18053578914685    59.9998855412855
1.25e-9    35.13278055084591    59.999820790307965
1.5000000000000002e-9    36.094668115758196    59.99974293865352
1.7500000000000002e-9    37.064112365605276    59.99964887875445
2.0e-9    38.03950587079966    59.99953485758562
2.2500000000000003e-9    39.01957637051612    59.999396241151615
2.5e-9    40.00332482275546    59.999227322404266
2.7500000000000002e-9    40.98996448992486    59.999021065853384
3.0000000000000004e-9    41.97887563544895    59.99876880045889
3.25e-9    42.96956923302882    59.99845983932449
3.5000000000000003e-9    43.96165850475148    59.99808101156721
3.7500000000000005e-9    44.95483645206226    59.99761608588351
4.0e-9    45.94885809866579    59.997045061116786
4.25e-9    46.94352639412149    59.996343293622424
4.500000000000001e-9    47.93868094666896    59.99548042443955
4.75e-9    48.934188921106134    59.994419061330966
5.0e-9    49.92993756711888    59.99311316099481
5.250000000000001e-9    50.92582794256672    59.99150604524528
5.5000000000000004e-9    51.92176946985545    59.98952797118507
5.75e-9    52.91767501651102    59.98709315927945
6.000000000000001e-9    53.91345622651377    59.98409616438911
6.2500000000000005e-9    54.909018849652064    59.98040745316418
6.5e-9    55.90425782398821    59.97586802669134
6.75e-9    56.899051862903924    59.970282900153535
7.000000000000001e-9    57.89325728470056    59.9634132221294
7.25e-9    58.88670080034052    59.95496678621833
7.500000000000001e-9    59.879170945824505    59.944586658897634
7.75e-9    60.87040781237737    59.9318376232044
8.0e-9    61.86009069462481    59.91619012255212
8.250000000000001e-9    62.84782325098271    59.89700138944573
8.5e-9    63.83311576262261    59.87349346921971
8.75e-9    64.81536410307136    59.84472791042252
9.000000000000001e-9    65.79382511329459    59.80957700557106
9.25e-9    66.76758824828954    59.76669164404891
9.5e-9    67.73554366270065    59.71446609873629
9.750000000000001e-9    68.696347386418    59.65100042188446
1.0e-8    69.64838496502749    59.574061577577275
1.025e-8    70.5897359632257    59.48104497850438
1.0500000000000001e-8    71.51814309724799    59.368938693620784
1.075e-8    72.4309914852289    59.234293199685645
1.1000000000000001e-8    73.32530553189473    59.07320010021851
1.1250000000000001e-8    74.19777315104422    58.881283677498594
1.15e-8    75.0448091164074    58.653709492433144
1.1750000000000001e-8    75.86267093536365    58.38521466199711
1.2000000000000002e-8    76.64764127544136    58.07016533318155
1.225e-8    77.39629009784886    57.70264898562502
1.2500000000000001e-8    78.10582668723399    57.27661365321258
1.275e-8    78.77454604576505    56.786074354547004
1.3e-8    79.40236464556766    56.22542029905624
1.3250000000000001e-8    79.99142552015434    55.58987540103535
1.35e-8    80.54672899094045    54.8761879763603
1.375e-8    81.07670832439045    54.083647981012284
1.4000000000000001e-8    81.59361456267986    53.21553954434544
1.425e-8    82.11350193789553    52.281109683831666
1.45e-8    82.65553160384736    51.2980342864439
1.4750000000000001e-8    83.24029003305368    50.29514480965482
1.5000000000000002e-8    83.88695874739503    49.314815961148774
1.525e-8    84.60963100565976    48.41395172898577
1.55e-8    85.41395418853132    47.6621336854782
1.5750000000000002e-8    86.29638995337935    47.13553839538432
1.6e-8    87.24891447582966    46.905942147625275
1.625e-8    88.270505633443    47.02533730581278
1.6500000000000002e-8    89.38223395210225    47.50785388230928
1.675e-8    90.63655711194178    48.31187269698961
1.7e-8    92.10863034353063    49.32764591910961
1.7250000000000002e-8    93.86418987593915    50.37956618765811
1.75e-8    95.91479341086821    51.2530786424452
1.775e-8    98.18637950296032    51.74719462777295
1.8000000000000002e-8    100.52615184056715    51.73514354324809
1.825e-8    102.75039892750968    51.20271076210785
1.85e-8    104.70748599274783    50.24312832004727
1.8750000000000002e-8    106.32146400531786    49.01475270197875
1.9e-8    107.59946478064508    47.68856187069466
1.925e-8    108.6106427397919    46.41060951426926
1.9500000000000003e-8    109.45512837529158    45.288074404830034
1.975e-8    110.23679357962884    44.393264239931
2.0e-8    111.04418965703856    43.77493764529483
2.0250000000000003e-8    111.93804998709275    43.46760946295407
2.05e-8    112.94332825549813    43.49283488023159
2.075e-8    114.04720141799628    43.85116979546883
2.1000000000000003e-8    115.20728897696034    44.5106227965503
2.1250000000000002e-8    116.37068076037178    45.403276765380184
2.15e-8    117.49518292656977    46.437648613568534
2.1750000000000003e-8    118.56093273243859    47.52096235253491
2.2000000000000002e-8    119.5688569100139    48.5779682729369
2.225e-8    120.53194121071526    49.558672673906564
2.2500000000000003e-8    121.46659617707259    50.43657001111347
2.2750000000000002e-8    122.38740922945077    51.202602648899955
2.3e-8    123.30514292564177    51.85881886025964
2.3250000000000003e-8    124.22668148993439    52.413417174215816
2.3500000000000002e-8    125.15579372490753    52.8774139833852
2.375e-8    126.09405724749473    53.262611059006666
2.4000000000000003e-8    127.04165926103097    53.58045387266224
2.4250000000000002e-8    127.99799452566185    53.84145125824668
2.45e-8    128.96207193927825    54.05493036287233
2.475e-8    129.9327706960025    54.22898327934922
2.5000000000000002e-8    130.90898929762392    54.37051775191792
2.525e-8    131.889723276859    54.48535973811655
2.55e-8    132.87409819412304    54.57837725333918
2.5750000000000002e-8    133.86137626893895    54.653607997917064
2.6e-8    134.85094869307767    54.71438114555773
2.625e-8    135.84232116460728    54.7634284197463
2.6500000000000002e-8    136.83509712538321    54.80298242998425
2.675e-8    137.82896119697548    54.83486191546021
2.7e-8    138.82366406715806    54.8605444915485
2.7250000000000002e-8    139.81900933450447    54.88122798805706
2.75e-8    140.81484239546933    54.897881680113485
2.775e-8    141.81104123570168    54.91128875375269
2.8000000000000003e-8    142.8075088849418    54.922081290733246
2.825e-8    143.80416726123508    54.93076894708832
2.85e-8    144.8009521328275    54.93776236671665
2.8750000000000003e-8    145.79780894577524    54.94339223323603
2.9e-8    146.7946892900531    54.94792473072892
2.925e-8    147.79154780058488    54.95157406267275
2.9500000000000003e-8    148.78833930821472    54.95451257078912
2.9750000000000002e-8    149.78501606752397    54.95687890222649
3.0000000000000004e-8    150.78152489207    54.958784594024756
3.025e-8    151.7778040224553    54.96031937680293
3.05e-8    152.7737795375492    54.96155544387761
3.075e-8    153.76936109276295    54.9625508858252
3.1e-8    154.76443673006645    54.96335245259087
3.1250000000000005e-8    155.75886644967056    54.96399777424362
3.1500000000000004e-8    156.75247415984123    54.96451714619071
3.175e-8    157.7450375251913    54.964934964177985
3.2e-8    158.73627510904967    54.96527087775802
3.225e-8    159.72583004624067    54.96554071752074
3.25e-8    160.71324927989514    54.96575724053151
3.275e-8    161.69795714082207    54.965930729704205
3.3000000000000004e-8    162.67922172920382    54.96606947580695
3.325e-8    163.65611216452353    54.96618016516613
3.35e-8    164.62744428940607    54.9662681915864
3.375e-8    165.59171183831432    54.96633790734679
3.4e-8    166.5469994112391    54.966392825242366
3.425e-8    167.49087283851384    54.96643578124781
3.4500000000000005e-8    168.4202417230435    54.966469065503716
3.4750000000000003e-8    169.33118818128332    54.96649452785586
3.5e-8    170.21875522138023    54.96651366287318
3.525e-8    171.07668804856957    54.96652767838282
3.55e-8    171.89712227368904    54.96653755072043
3.575e-8    172.67021512477527    54.96654406929115
3.6000000000000005e-8    173.38372017404237    54.96654787250267
3.6250000000000004e-8    174.0225139037736    54.966549476768385
3.65e-8    174.5680949296555    54.96654929991812
3.675e-8    174.99809507163044    54.966547680086016
3.7e-8    175.28586623263965    54.96654489097038
3.725e-8    175.4002370581203    54.96654115415696
3.7500000000000005e-8    175.30556434076792    54.96653664907679
