#time   x    y
0.0    30.5347395422819    60.000065884124155
2.5e-10    31.410102116816585    60.00001353206798
5.0e-10    32.31626589359847    59.99996527504814
7.500000000000001e-10    33.24041429298946    59.99990536804781
1.0e-9    34.18054709701422    59.99983357257153
1.25e-9    35.13279679921277    59.999746518446166
1.5000000000000002e-9    36.094690610879454    59.99964065172556
1.7500000000000002e-9    37.06414264682102    59.999511374670156
2.0e-9    38.03954584009268    59.99935306048591
2.2500000000000003e-9    39.01962838570218    59.99915870979943
2.5e-9    40.00339180367936    59.99891962555978
2.7500000000000002e-9    40.990050056354974    59.99862499131567
3.0000000000000004e-9    41.97898427457936    59.998261351835396
3.25e-9    42.969706507159906    59.997811963282324
3.5000000000000003e-9    43.96183130748106    59.9972559821556
3.7500000000000005e-9    44.95505332441155    59.99656745242983
4.0e-9    45.94912961873587    59.99571404052762
4.25e-9    46.94386565692936    59.99465545504574
4.500000000000001e-9    47.939104154351426    59.99334147253963
4.75e-9    48.93471610800621    59.9917094710837
5.0e-9    49.93059348942223    59.989681349250205
5.250000000000001e-9    50.92664316836625    59.98715967824828
5.5000000000000004e-9    51.92278171309179    59.98402289832159
5.75e-9    52.91893076739969    59.98011932569621
6.000000000000001e-9    53.91501274254883    59.97525968204684
6.2500000000000005e-9    54.91094658580936    59.969207793298324
6.5e-9    55.90664339987115    59.961669027459415
6.75e-9    56.90200169072034    59.952275951600065
7.000000000000001e-9    57.896902019053236    59.94057058668479
7.25e-9    58.89120082591134    59.92598252852229
7.500000000000001e-9    59.88472320327445    59.90780208966985
7.75e-9    60.87725439521155    59.88514751250727
8.0e-9    61.86852986088024    59.8569252276321
8.250000000000001e-9    62.85822383286457    59.82178211633225
8.5e-9    63.84593650189939    59.7780488302799
8.75e-9    64.8311803094498    59.7236734971121
9.000000000000001e-9    65.81336641437616    59.65614569810956
9.25e-9    66.79179332780767    59.57241157635627
9.5e-9    67.76564111490475    59.46878248831567
9.750000000000001e-9    68.73397658621082    59.34084194267422
1.0e-8    69.69577765321267    59.18335888163449
1.025e-8    70.64998849322745    58.990219836342646
1.0500000000000001e-8    71.59562107934707    58.75439825271656
1.075e-8    72.53192220968579    58.46798635786286
1.1000000000000001e-8    73.45862685021964    58.1223231956299
1.1250000000000001e-8    74.37631570240202    57.708261564595915
1.15e-8    75.28688339506292    57.21662579268521
1.1750000000000001e-8    76.19409832000768    56.638919816906075
1.2000000000000002e-8    77.10419025786123    55.96834675730885
1.225e-8    78.02633394714208    55.20118809693286
1.2500000000000001e-8    78.9728090211249    54.33854594725538
1.275e-8    79.95852860675329    53.388350583896646
1.3e-8    80.99958777691492    52.36735244871513
1.3250000000000001e-8    82.11057208363397    51.30255534422522
1.35e-8    83.3006854451202    50.23128438162072
1.375e-8    84.56934454024872    49.199018541024294
1.4000000000000001e-8    85.90258298150225    48.2545331953371
1.425e-8    87.2719653775984    47.442926203945326
1.45e-8    88.63719088896687    46.79838973360508
1.4750000000000001e-8    89.95209262820948    46.33925754055072
1.5000000000000002e-8    91.17210697242844    46.06715349653272
1.525e-8    92.26067015099625    45.97026507971444
1.55e-8    93.19282857795429    46.02909393847458
1.5750000000000002e-8    93.95589871655267    46.22251210357565
1.6e-8    94.54820977887476    46.532539537530944
1.625e-8    94.9773206493477    46.94720935943158
1.6500000000000002e-8    95.25881083541204    47.46155025771811
1.675e-8    95.41619889521952    48.076896810357056
1.7e-8    95.48196887699515    48.79857803371837
1.7250000000000002e-8    95.49909915733573    49.63179740895442
1.75e-8    95.52183865582751    50.57550502379039
1.775e-8    95.61386191154016    51.61458562340083
1.8000000000000002e-8    95.84178092386075    52.71193303509167
1.825e-8    96.26300813030335    53.80367421206899
1.85e-8    96.90964404687878    54.801844248523004
1.8750000000000002e-8    97.77373586579608    55.607504632581566
1.9e-8    98.8015123398294    56.13275475703582
1.925e-8    99.90208700463354    56.32414596157601
1.9500000000000003e-8    100.96925892280436    56.17717320970493
1.975e-8    101.90764862850817    55.735189871621
2.0e-8    102.65231400601891    55.07428240007644
2.0250000000000003e-8    103.17568246729046    54.2821875326272
2.05e-8    103.48280273648489    53.44001285697808
2.075e-8    103.60035013945117    52.61152595850567
2.1000000000000003e-8    103.56498970972105    51.84011869323738
2.1250000000000002e-8    103.41442596949733    51.150939894862816
2.15e-8    103.18204610389225    50.55532794145986
2.1750000000000003e-8    102.89460717666603    50.055500649615375
2.2000000000000002e-8    102.57194121873968    49.648475914576686
2.225e-8    102.22774540255212    49.32893050597489
2.2500000000000003e-8    101.87081473408273    49.091088810923246
2.2750000000000002e-8    101.50635636938868    48.92986718019517
2.3e-8    101.13722710122273    48.841498973832095
2.3250000000000003e-8    100.7650567829018    48.823810378739516
2.3500000000000002e-8    100.39128041547964    48.87624920947367
2.375e-8    100.01811956514932    48.99970489518078
2.4000000000000003e-8    99.64954085465322    49.19610286145905
2.4250000000000002e-8    99.29217858618675    49.46771398123193
2.45e-8    98.95613904637189    49.81609825884899
2.475e-8    98.65550790593521    50.24061928313378
2.5000000000000002e-8    98.40827623002676    50.73654866591843
2.525e-8    98.2353296286499    51.29295175831315
2.55e-8    98.15818656035319    51.89080277476068
2.5750000000000002e-8    98.19541502765996    52.50204804335821
2.6e-8    98.35813936110576    53.09046057675339
2.625e-8    98.64566465945191    53.61490046094283
2.6500000000000002e-8    99.04269902295871    54.03489897665794
2.675e-8    99.51955733849755    54.317480229281045
2.7e-8    100.03588768277676    54.4433095285855
2.7250000000000002e-8    100.54713703861245    54.41018247137339
2.75e-8    101.01185347390222    54.23274625174384
2.775e-8    101.3976628559746    53.93875887589153
2.8000000000000003e-8    101.68447494666434    53.56336524788132
2.825e-8    101.86467258176941    53.1432380129481
2.85e-8    101.94104066658106    52.711997463113505
2.8750000000000003e-8    101.923612456333    52.297516613858946
2.9e-8    101.82648544385601    51.92099852530209
2.925e-8    101.6652591552345    51.59731745451945
2.9500000000000003e-8    101.45533543553661    51.33603503065752
2.9750000000000002e-8    101.21103576716912    51.14261051012591
3.0000000000000004e-8    100.94534933066018    51.01949222728379
3.025e-8    100.6700892955106    50.96692805955565
3.05e-8    100.39625206326315    50.98343915364915
3.075e-8    100.1344074920689    51.06596733915937
3.1e-8    99.89497920674629    51.209748616028016
3.1250000000000005e-8    99.68830045245357    51.40799880929803
3.1500000000000004e-8    99.52436047815452    51.65153235331972
3.175e-8    99.41220153416002    51.92847054222156
3.2e-8    99.35899713659208    52.2242193601598
3.225e-8    99.36893730023246    52.521887977641114
3.25e-8    99.44214677148652    52.80325543128016
3.275e-8    99.573930005231    53.050267435408315
3.3000000000000004e-8    99.75462742754561    53.246879556736246
3.325e-8    99.97025540443533    53.38091165610708
3.35e-8    100.20390449419388    53.445510365855185
3.375e-8    100.43765262540583    53.439877831135185
3.4e-8    100.65459941313044    53.369106879342716
3.425e-8    100.8406077669892    53.243197449046136
3.4500000000000005e-8    100.98545169720485    53.07552430832497
3.4750000000000003e-8    101.08325811033195    52.88111443338588
3.5e-8    101.13231535456633    52.67506175523675
3.525e-8    101.13444143640807    52.47129514605538
3.55e-8    101.09414055339901    52.2817803289798
3.575e-8    101.01774447990087    52.116125125822535
3.6000000000000005e-8    100.91266834108885    51.98149221478949
3.6250000000000004e-8    100.78683886242857    51.882703533454574
3.65e-8    100.64829591250216    51.82243241523907
3.675e-8    100.50493159050157    51.80140806811432
3.7e-8    100.36431397426912    51.818590219684964
3.725e-8    100.2335406246433    51.87130269371413
3.7500000000000005e-8    100.1190757906716    51.955340062418344
