#time   x    y
0.0    30.5347395422819    60.000065884124155
2.5e-10    31.41010509513723    60.000012344811346
5.0e-10    32.3162695854617    59.999962719131055
7.500000000000001e-10    33.24042083756765    59.99990102343072
1.0e-9    34.18055725230246    59.99982697467263
1.25e-9    35.13281147065481    59.99973706791974
1.5000000000000002e-9    36.094711025841455    59.99962760834355
1.7500000000000002e-9    37.06417031245152    59.99949380049391
2.0e-9    38.039582656204146    59.999329768997384
2.2500000000000003e-9    39.01967674543859    59.9991281995317
2.5e-9    40.00345472569892    59.9988799950391
2.7500000000000002e-9    40.990131353129605    59.998573830969235
3.0000000000000004e-9    41.97908876546583    59.99819560604109
3.25e-9    42.969840289505676    59.99772775437891
3.5000000000000003e-9    43.962002101583465    59.99714838571739
3.7500000000000005e-9    44.955270912930175    59.996430210098026
4.0e-9    45.94940640690263    59.995539192772824
4.25e-9    46.94421738734495    59.994432871224674
4.500000000000001e-9    47.93955081980399    59.99305824911576
4.75e-9    48.93528311808998    59.99134916061396
5.0e-9    49.93131316268906    59.98922297203759
5.250000000000001e-9    50.92755664232069    59.98657645495651
5.5000000000000004e-9    51.923941390785814    59.98328062440267
5.75e-9    52.92040345357281    59.9791742863882
6.000000000000001e-9    53.91688366615742    59.97405597868874
6.2500000000000005e-9    54.91332456240256    59.96767391666626
6.5e-9    55.90966745993515    59.95971347027618
6.75e-9    56.90584959337597    59.94978159911187
7.000000000000001e-9    57.901801189834    59.937387560363064
7.25e-9    58.89744240957481    59.92191908361792
7.500000000000001e-9    59.892680116014766    59.90261308467356
7.75e-9    60.88740450489897    59.87851988322134
8.0e-9    61.88148573038469    59.8484598226158
8.250000000000001e-9    62.874770842084104    59.810971206317326
8.5e-9    63.86708163070404    59.76424863055747
8.75e-9    64.85821442535764    59.70607120283055
9.000000000000001e-9    65.8479435669502    59.633720927996904
9.25e-9    66.83603129112731    59.54389290084795
9.5e-9    67.82224819234183    59.43260109713127
9.750000000000001e-9    68.80641038855241    59.29508676969506
1.0e-8    69.7884419630472    59.125740999031414
1.025e-8    70.76847402785673    58.918059019116896
1.0500000000000001e-8    71.74699424728107    58.6646515641933
1.075e-8    72.72506164328257    58.35734735146775
1.1000000000000001e-8    73.70459878300495    57.98743006324669
1.1250000000000001e-8    74.68876365588999    57.54606107773061
1.15e-8    75.68238230578126    57.02494259569217
1.1750000000000001e-8    76.69238621573815    56.41726937393752
1.2000000000000002e-8    77.72814376462236    55.71899230267975
1.225e-8    78.80150848206677    54.930360725248406
1.2500000000000001e-8    79.92634877469382    54.05760770434424
1.275e-8    81.1173166836333    53.11448551089114
1.3e-8    82.38772030795441    52.12316815114357
1.3250000000000001e-8    83.74664471836635    51.11389352849102
1.35e-8    85.19591045668317    50.12277184576792
1.375e-8    86.72790660599864    49.187604679798966
1.4000000000000001e-8    88.32546232264173    48.34235327114636
1.425e-8    89.96442140333794    47.611743552543636
1.45e-8    91.61851898888771    47.00781240570203
1.4750000000000001e-8    93.26510562178318    46.5295965105664
1.5000000000000002e-8    94.8899233269616    46.1659232557131
1.525e-8    96.48968913739189    45.90017350475711
1.55e-8    98.07218920850637    45.71553746911146
1.5750000000000002e-8    99.65427731717406    45.59961690751425
1.6e-8    101.25832933614693    45.54775031091859
1.625e-8    102.90751491467836    45.56471252514413
1.6500000000000002e-8    104.62012599325769    45.664347944666844
1.675e-8    106.40354885049447    45.86649186787677
1.7e-8    108.24938918647035    46.19079761638302
1.7250000000000002e-8    110.1321760654395    46.648397355438036
1.75e-8    112.01364772717197    47.23439215594452
1.775e-8    113.85200770666333    47.92516730192566
1.8000000000000002e-8    115.61225720984953    48.682537731188894
1.825e-8    117.27292880800302    49.46269115397607
1.85e-8    118.82719093653223    50.22540465783997
1.8750000000000002e-8    120.27968295084149    50.93998142008253
1.9e-8    121.64183423212523    51.58708001173939
1.925e-8    122.92775382637747    52.15758512523409
1.9500000000000003e-8    124.15149810614275    52.65013424275035
1.975e-8    125.32564349005948    53.068484235548326
2.0e-8    126.4607654557432    53.419307042449034
2.0250000000000003e-8    127.565430078666    53.71058089991799
2.05e-8    128.64642087392622    53.95052941967513
2.075e-8    129.70903952442643    54.146986525131695
2.1000000000000003e-8    130.7574003122454    54.30706120655773
2.1250000000000002e-8    131.7946857790839    54.43699850025606
2.15e-8    132.82335566872007    54.54216050882229
2.1750000000000003e-8    133.84531213422778    54.627075194367116
2.2000000000000002e-8    134.86202802318348    54.695518923930585
2.225e-8    135.87464556998293    54.750611679541144
2.2500000000000003e-8    136.88405201506166    54.79491257369039
2.2750000000000002e-8    137.89093748915346    54.830508978051284
2.3e-8    138.89583935230496    54.85909611944715
2.3250000000000003e-8    139.8991762041703    54.88204612673221
2.3500000000000002e-8    140.90127400758837    54.90046672216838
2.375e-8    141.90238617027768    54.915250381055635
2.4000000000000003e-8    142.9027089761344    54.92711505948969
2.4250000000000002e-8    143.902393414976    54.93663765848803
2.45e-8    144.90155420061694    54.944281346628976
2.475e-8    145.90027656986362    54.95041775998855
2.5000000000000002e-8    146.89862130331312    54.95534497214029
2.525e-8    147.89662829027688    54.95930199804554
2.55e-8    148.89431886515317    54.96248047426919
2.5750000000000002e-8    149.89169706434802    54.96503404924374
2.6e-8    150.888749885198    54.96708592284702
2.625e-8    151.88544656694705    54.96873489429131
2.6500000000000002e-8    152.88173685434947    54.97006021015698
2.675e-8    153.87754814301883    54.97112544881851
2.7e-8    154.87278133851922    54.97198163188705
2.7250000000000002e-8    155.8673051840333    54.97266971612084
2.75e-8    156.86094871984287    54.97322258908746
2.775e-8    157.8534914263493    54.973666667498875
2.8000000000000003e-8    158.84465046467656    54.97402317747671
2.825e-8    159.83406425760242    54.97430918025521
2.85e-8    160.82127143993108    54.974538394102794
2.8750000000000003e-8    161.805683941226    54.974721853154186
2.9e-8    162.78655263390164    54.974868435647785
2.925e-8    163.76292357406402    54.97498528760505
2.9500000000000003e-8    164.7335823701547    54.975078162754045
2.9750000000000002e-8    165.69698362726515    54.97515169535639
3.0000000000000004e-8    166.65116173282343    54.97520961924362
3.025e-8    167.59361848702093    54.97525494375692
3.05e-8    168.52118227932644    54.975290095095644
3.075e-8    169.4298327584018    54.97531702993232
3.1e-8    170.31448439227503    54.97533732676325
3.1250000000000005e-8    171.16872223582033    54.975352259383975
3.1500000000000004e-8    171.98448403221425    54.97536285600601
3.175e-8    172.7516851038526    54.97536994684848
3.2e-8    173.45778721473886    54.975374202448116
3.225e-8    174.08732084734075    54.975376164521606
3.25e-8    174.62138342436438    54.975376270828704
3.275e-8    175.03715507428646    54.97537487521465
3.3000000000000004e-8    175.30749898429875    54.97537226376358
3.325e-8    175.40074378403986    54.97536866783318
3.35e-8    175.2807760565671    54.97536427456347
3.375e-8    174.90759249546025    54.97535923535991
3.4e-8    174.23845862977518    54.975353672738265
3.425e-8    173.22977645145113    54.97534768585527
3.4500000000000005e-8    171.839662131152    54.97534135496812
3.4750000000000003e-8    170.03107733434155    54.97533474504263
3.5e-8    167.7751700669961    54.97532790866319
3.525e-8    165.05432054057138    54.97532088838419
3.55e-8    161.86432741303585    54.97531371863351
3.575e-8    158.2152653064684    54.97530642723774
3.6000000000000005e-8    154.1307952703397    54.97529903667306
3.6250000000000004e-8    149.6460450050268    54.97529156504646
3.65e-8    144.80448070437373    54.97528402691354
3.675e-8    139.6543653819007    54.97527643391076
3.7e-8    134.2453990399085    54.97526879527707
3.725e-8    128.62599542759412    54.97526111825385
3.7500000000000005e-8    122.84144294022353    54.97525340841204
