#time   x    y
0.0    30.5347395422819    60.000065884124155
2.5e-10    31.410102391663006    60.00003760094737
5.0e-10    32.31626562099402    60.000018838890476
7.500000000000001e-10    33.24041799584499    59.999996393380506
1.0e-9    34.18055198504198    59.9999712597274
1.25e-9    35.132804003887024    59.99994244699387
1.5000000000000002e-9    36.09470082584564    59.99990924839848
1.7500000000000002e-9    37.064156867833525    59.99987068655841
2.0e-9    38.03956541171422    59.999825652587425
2.2500000000000003e-9    39.01965507022286    59.99977279995844
2.5e-9    40.00342792625685    59.999710512012136
2.7500000000000002e-9    40.990098675008554    59.9996368429363
3.0000000000000004e-9    41.97904940942612    59.99954945469613
3.25e-9    42.96979343814698    59.999445540231164
3.5000000000000003e-9    43.96194696379997    59.99932173274457
3.7500000000000005e-9    44.955206792777965    59.999173998267565
4.0e-9    45.94933280675544    59.99899750885635
4.25e-9    46.94413415833964    59.998786493246975
4.500000000000001e-9    47.93945837695893    59.99853406144155
4.75e-9    48.935182743091474    59.99823199925305
5.0e-9    49.93120742454962    59.997870528436295
5.250000000000001e-9    50.92744997519666    59.99743802762641
5.5000000000000004e-9    51.923840879608406    59.99692070893188
5.75e-9    52.920319891930355    59.99630224477663
6.000000000000001e-9    53.91683296731018    59.9955633394026
6.2500000000000005e-9    54.9133296228439    59.994681239530934
6.5e-9    55.9097605945993    59.99362917895967
6.75e-9    56.90607567976352    59.99237575263161
7.000000000000001e-9    57.902221670017575    59.99088421687822
7.25e-9    58.89814029510913    59.98911171446361
7.500000000000001e-9    59.89376610541901    59.98700842575937
7.75e-9    60.88902423002769    59.98451665113292
8.0e-9    61.88382795327108    59.981569834718094
8.250000000000001e-9    62.8780760589183    59.97809154619737
8.5e-9    63.87164989776182    59.97399444550907
8.75e-9    64.86441014247967    59.96917926547535
9.000000000000001e-9    65.85619320412621    59.96353385944
9.25e-9    66.8468072985619    59.95693237501779
9.5e-9    67.83602816954354    59.949234630741344
9.750000000000001e-9    68.8235944992698    59.940285789237954
1.0e-8    69.80920306763323    59.92991643766802
1.025e-8    70.79250375904958    59.91794320207509
1.0500000000000001e-8    71.77309456066396    59.904170035301675
1.075e-8    72.75051674725198    59.888390325482305
1.1000000000000001e-8    73.72425050483099    59.870389971230594
1.1250000000000001e-8    74.69371130372498    59.849951556766804
1.15e-8    75.65824738807463    59.82685973232259
1.1750000000000001e-8    76.61713879653182    59.8009078591731
1.2000000000000002e-8    77.56959835991547    59.771905912452176
1.225e-8    78.5147751275012    59.739689548891405
1.2500000000000001e-8    79.4517606448919    59.704130142769294
1.275e-8    80.37959843510454    59.665145477834365
1.3e-8    81.29729691565738    59.62271066493775
1.3250000000000001e-8    82.20384581677554    59.57686874686649
1.35e-8    83.09823595571055    59.52774036870468
1.375e-8    83.97948198195392    59.47553184833516
1.4000000000000001e-8    84.84664745756577    59.42054099089748
1.425e-8    85.6988714024927    59.36316006133632
1.45e-8    86.5353952426669    59.30387546064565
1.4750000000000001e-8    87.35558897734192    59.243263837694
1.5000000000000002e-8    88.15897534975865    59.18198459184507
1.525e-8    88.94525087222587    59.120768959850665
1.55e-8    89.71430272078723    59.06040610742577
1.5750000000000002e-8    90.466220758277    59.00172683502373
1.6e-8    91.20130424312315    58.945585639994796
1.625e-8    91.92006310056577    58.89284193983432
1.6500000000000002e-8    92.62321393874463    58.844341252651716
1.675e-8    93.3116712557405    58.800897058693856
1.7e-8    93.986534480782    58.76327394478413
1.7250000000000002e-8    94.64907161374444    58.73217248285283
1.75e-8    95.30070026984704    58.70821613328154
1.775e-8    95.94296690848948    58.691940312671285
1.8000000000000002e-8    96.57752494337207    58.68378363852431
1.825e-8    97.20611231116106    58.684081267899685
1.85e-8    97.83052893962407    58.693060188731984
1.8750000000000002e-8    98.45261442024987    58.71083629891075
1.9e-8    99.0742260688525    58.73741311504622
1.925e-8    99.69721746370199    58.77268198377057
1.9500000000000003e-8    100.32341748856015    58.81642371337068
1.975e-8    100.95460988242564    58.868311595256316
2.0e-8    101.5925133077008    58.927915833356835
2.0250000000000003e-8    102.2387619890475    58.99470943724071
2.05e-8    102.89488704213503    59.06807565562192
2.075e-8    103.56229869386814    59.14731702434257
2.1000000000000003e-8    104.24226968481307    59.23166607519617
2.1250000000000002e-8    104.93592022873796    59.320297697449966
2.15e-8    105.6442049705839    59.41234306460878
2.1750000000000003e-8    106.36790242342846    59.506904940661855
2.2000000000000002e-8    107.10760736607965    59.603074069655676
2.225e-8    107.86372663989779    59.69994624128128
2.2500000000000003e-8    108.63647869481169    59.79663952537126
2.2750000000000002e-8    109.42589710093215    59.89231109193674
2.3e-8    110.23183807390224    59.986172993091465
2.3250000000000003e-8    111.05399187006175    60.07750628662091
2.3500000000000002e-8    111.89189770919653    60.16567293273107
2.375e-8    112.74496169668076    60.250124994497384
2.4000000000000003e-8    113.61247706018887    60.330410811101466
2.4250000000000002e-8    114.49364590561925    60.406177979909586
2.45e-8    115.38760164118877    60.47717316253825
2.475e-8    116.29343122283855    60.54323890447752
2.5000000000000002e-8    117.21019643533197    60.604307811791514
2.525e-8    118.13695353258285    60.660394548252135
2.55e-8    119.07277070557409    60.71158619420257
2.5750000000000002e-8    120.01674301045061    60.75803154103132
2.6e-8    120.9680045575558    60.79992988448604
2.625e-8    121.92573792031567    60.837519832832925
2.6500000000000002e-8    122.88918085977325    60.871068570914204
2.675e-8    123.85763056925946    60.90086192926583
2.7e-8    124.83044572121977    60.92719550886696
2.7250000000000002e-8    125.80704664434339    60.95036701568899
2.75e-8    126.78691397774566    60.9706698720748
2.775e-8    127.76958614398121    60.9883880984619
2.8000000000000003e-8    128.7546559603226    61.00379240154702
2.825e-8    129.7417666733387    61.01713736385694
2.85e-8    130.73060766072544    61.028659603894766
2.8750000000000003e-8    131.72091000066817    61.038576763331605
2.9e-8    132.71244206630362    61.04708717575934
2.925e-8    133.70500526314174    61.054370077481366
2.9500000000000003e-8    134.69842999218528    61.06058623229713
2.9750000000000002e-8    135.6925718916088    61.065878856980284
3.0000000000000004e-8    136.6873083851799    61.070374750496256
3.025e-8    137.6825355459543    61.0741855463969
3.05e-8    138.67816526870743    61.07740902363704
3.075e-8    139.67412273292143    61.080130425248306
3.1e-8    140.67034412989494    61.082423747001016
3.1250000000000005e-8    141.66677462124701    61.08435296880674
3.1500000000000004e-8    142.6633664914401    61.085973210549774
3.175e-8    143.6600774531867    61.087331801157546
3.2e-8    144.6568690610659    61.088469255342346
3.225e-8    145.65370518471443    61.08942015669335
3.25e-8    146.65055048817715    61.09021394892923
3.275e-8    147.64736885553958    61.09087563931892
3.3000000000000004e-8    148.64412169434803    61.09142641972047
3.325e-8    149.64076603675124    61.091884211559055
3.35e-8    150.63725234263217    61.092264141451096
3.375e-8    151.63352188870743    61.09257895430873
3.4e-8    152.6295036004048    61.09283937057473
3.425e-8    153.62511014839632    61.093054393910634
3.4500000000000005e-8    154.6202330862055    61.093231575292066
3.4750000000000003e-8    155.61473674669395    61.093377238940924
3.5e-8    156.60845054003866    61.09349667502699
3.525e-8    157.60115919949587    61.09359430360835
3.55e-8    158.5925903984871    61.093673813735485
3.575e-8    159.5823990065198    61.09373828122885
3.6000000000000005e-8    160.5701470541926    61.09379026818504
3.6250000000000004e-8    161.55527822951777    61.09383190688877
3.65e-8    162.53708541813654    61.09386497043722
3.675e-8    163.51466941714963    61.09389093210118
3.7e-8    164.4868864847461    61.093911015134054
3.725e-8    165.45228182683624    61.093926234502895
3.7500000000000005e-8    166.40900546433832    61.093937431812606
