#time   x    y
0.0    30.5347395422819    60.000065884124155
1.4285714285714285e-10    31.41242313991139    60.00003136930177
2.857142857142857e-10    32.315793490867414    60.00000294607311
4.2857142857142854e-10    33.24016582939032    59.99996913758846
5.714285714285714e-10    34.18041379695693    59.99993059702901
7.142857142857143e-10    35.13278819893923    59.999884664999506
8.571428571428571e-10    36.09471445374434    59.99982933308851
1.0e-9    37.06417424786766    59.9997627363801
1.1428571428571428e-9    38.039578185738534    59.999682259203816
1.2857142857142856e-9    39.01966664687676    59.99958467639572
1.4285714285714286e-9    40.00344016502377    59.99946592447285
1.5714285714285714e-9    40.990112088829996    59.999320971924305
1.7142857142857142e-9    41.97906346458497    59.99914359379211
1.8571428571428571e-9    42.96980691711798    59.9989260831835
2.0e-9    43.96195806643636    59.99865889077787
2.142857142857143e-9    44.95521292188209    59.99833018372044
2.2857142857142857e-9    45.94933021735808    59.997925298149866
2.4285714285714285e-9    46.94411749747364    59.997426059437444
2.5714285714285712e-9    47.939420081244144    59.99680993968287
2.7142857142857144e-9    48.93511224232882    59.99604901335217
2.857142857142857e-9    49.931090080192135    59.99510866349679
3.0e-9    50.92726566600302    59.99394597979597
3.1428571428571428e-9    51.92356212281612    59.99250777636741
3.2857142857142855e-9    52.919909354636175    59.99072814150595
3.4285714285714283e-9    53.916240179055265    59.98852541236242
3.5714285714285715e-9    54.91248664461214    59.9857984451837
3.7142857142857143e-9    55.90857632842649    59.98242202547519
3.857142857142857e-9    56.90442841377726    59.97824123260491
4.0e-9    57.899949341999495    59.9730645400182
4.142857142857143e-9    58.895027819666346    59.9666553964106
4.285714285714286e-9    59.889528942128315    59.95872199688984
4.428571428571428e-9    60.88328716993883    59.94890491961389
4.571428571428571e-9    61.87609786944869    59.93676227830282
4.7142857142857145e-9    62.867707108370496    59.92175203288575
4.857142857142857e-9    63.857799391084775    59.90321112213039
5.0e-9    64.84598304112643    59.880331151245954
5.1428571428571425e-9    65.831773011739    59.85213050861321
5.285714285714286e-9    66.81457106052346    59.81742303013317
5.428571428571429e-9    67.79364350371841    59.774783715188406
5.571428571428571e-9    68.7680972238616    59.72251256692743
5.714285714285714e-9    69.73685530528888    59.65859842266565
5.857142857142857e-9    70.69863468016756    59.580685689403
6.0e-9    71.65192953253516    59.48604821491888
6.142857142857143e-9    72.59500593287491    59.371576084324765
6.2857142857142855e-9    73.52591517633483    59.233782874410004
6.428571428571429e-9    74.4425353473455    59.068842735958846
6.571428571428571e-9    75.3426523097855    58.872668531284056
6.714285714285714e-9    76.2240919709083    58.6410441340869
6.857142857142857e-9    77.0849144044396    58.36982605859995
7.0e-9    77.92367618369904    58.05523215398536
7.142857142857143e-9    78.73975894087296    57.69423851753723
7.285714285714285e-9    79.53374869753462    57.28510989746317
7.4285714285714286e-9    80.30783122826023    56.82809202806019
7.571428571428571e-9    81.06614390744403    56.32629183701884
7.714285714285714e-9    81.81499682058379    55.78675347890619
7.857142857142857e-9    82.56285339338594    55.22168824160327
8.0e-9    83.31996131716109    54.6497126255233
8.142857142857142e-9    84.09757963271473    54.096772610309465
8.285714285714285e-9    84.90689624875318    53.596191594017924
8.428571428571428e-9    85.75798369127978    53.18705368639694
8.571428571428572e-9    86.65940859360646    52.910119112955016
8.714285714285715e-9    87.61912426673969    52.800954723262635
8.857142857142856e-9    88.64668178751829    52.88111841369448
9.0e-9    89.75558527152621    53.1497044299281
9.142857142857143e-9    90.96360252181881    53.5783264242322
9.285714285714286e-9    92.28924534619401    54.11181865676399
9.428571428571429e-9    93.74468255842335    54.6749827057249
9.57142857142857e-9    95.32769413552266    55.18394788439599
9.714285714285714e-9    97.01630335815537    55.55981894251899
9.857142857142857e-9    98.76891327711883    55.741875493533406
1.0e-8    100.53062619587533    55.69742785640076
1.0142857142857143e-8    102.2439154466333    55.42597665301622
1.0285714285714285e-8    103.8601033554056    54.95691402564396
1.0428571428571428e-8    105.34802694345012    54.34210052008213
1.0571428571428571e-8    106.69775254800216    53.64612140504805
1.0714285714285715e-8    107.91921927040251    52.93711502428866
1.0857142857142858e-8    109.03713492697855    52.27993831629665
1.1e-8    110.0838886515462    51.73185963354917
1.1142857142857142e-8    111.09201699647014    51.339702208977656
1.1285714285714286e-8    112.08749949760353    51.13690180539813
1.1428571428571429e-8    113.08523523695614    51.13964170618615
1.1571428571428572e-8    114.08812773965664    51.343096364089796
1.1714285714285714e-8    115.0903377830593    51.72068981998411
1.1857142857142857e-8    116.0831780602894    52.22886921949529
1.2e-8    117.0604766923805    52.81655303684368
1.2142857142857143e-8    118.02096875311409    53.43521441708865
1.2285714285714286e-8    118.96766854334861    54.04573438779502
1.2428571428571428e-8    119.90580558457687    54.62086176945941
1.2571428571428571e-8    120.84085187371426    55.14440373994064
1.2714285714285714e-8    121.77731794461869    55.608882268010014
1.2857142857142857e-8    122.71831202810341    56.01293413781346
1.3e-8    123.66559214131405    56.35908178856321
1.3142857142857142e-8    124.61984417217387    56.65205445682083
1.3285714285714285e-8    125.5810104202997    56.89762286233217
1.3428571428571429e-8    126.5485802835721    57.10183974207139
1.3571428571428572e-8    127.52181216252262    57.27057512256479
1.3714285714285713e-8    128.49988595755792    57.40925490225995
1.3857142857142856e-8    129.48199815221696    57.52273437898259
1.4e-8    130.46741447747365    57.61525803771564
1.4142857142857143e-8    131.45549375507883    57.690471926373085
1.4285714285714286e-8    132.44569361707133    57.75146585214353
1.4428571428571428e-8    133.43756580025652    57.800830367336765
1.457142857142857e-8    134.43074618703943    57.84071892285837
1.4714285714285714e-8    135.42494284947125    57.872909297758405
1.4857142857142857e-8    136.419924004217    57.89886094140534
1.5e-8    137.41550688913915    57.9197665381953
1.5142857142857142e-8    138.4115480073188    57.936597176614676
1.5285714285714285e-8    139.40793484918004    57.95014116001452
1.5428571428571428e-8    140.40457901912376    57.961036869767135
1.557142857142857e-8    141.40141060340048    57.96980027870694
1.5714285714285715e-8    142.39837358206813    57.97684778153426
1.5857142857142858e-8    143.3954220852272    57.98251500606656
1.6e-8    144.39251730558271    57.98707222577964
1.6142857142857144e-8    145.38962489738861    57.99073693094719
1.6285714285714284e-8    146.38671270931684    57.99368404525086
1.6428571428571427e-8    147.3837487133669    57.99605420489862
1.657142857142857e-8    148.38069900165343    57.997960452251704
1.6714285714285714e-8    149.37752572674512    57.99949363772443
1.6857142857142857e-8    150.3741848585933    58.00072677294473
1.7e-8    151.37062362117646    58.00171853489046
1.7142857142857143e-8    152.36677745413172    58.00251608418283
1.7285714285714286e-8    153.36256631714215    58.00315733031763
1.742857142857143e-8    154.35789011658932    58.003672751539476
1.7571428571428573e-8    155.35262298214522    58.00408685647034
1.7714285714285713e-8    156.34660605264827    58.00441935777746
1.7857142857142856e-8    157.3396383420781    58.00468611453863
1.8e-8    158.33146514224185    58.004899888875265
1.8142857142857142e-8    159.32176327317086    58.00507095350571
1.8285714285714285e-8    160.31012230717403    58.00520757962636
1.842857142857143e-8    161.29602065928563    58.005316428785406
1.8571428571428572e-8    162.2787951447113    58.005402867672764
1.8714285714285715e-8    163.25760224169292    58.005471221064525
1.8857142857142858e-8    164.23136885401837    58.005524975110596
1.8999999999999998e-8    165.19872983177774    58.00556694076944
1.914285714285714e-8    166.15794887649332    58.00559938522835
1.9285714285714284e-8    167.10681873387406    58.0056241376129
1.9428571428571428e-8    168.04253578929334    58.00564267404136
1.957142857142857e-8    168.96154338847109    58.00565618608767
1.9714285714285714e-8    169.8593375249241    58.005665635888825
1.9857142857142857e-8    170.73022817097095    58.00567180053597
2.0e-8    171.56704981385533    58.0056753078272
2.0142857142857144e-8    172.36081620714086    58.00567666507785
2.0285714285714287e-8    173.1003177050615    58.00567628235438
2.0428571428571427e-8    173.77166582115063    58.00567449118901
2.057142857142857e-8    174.3578000756439    58.00567155969223
2.0714285714285713e-8    174.8379880479631    58.0056677047331
2.0857142857142856e-8    175.18737172288456    58.00566310177209
2.1e-8    175.37664139236736    58.005657892798354
2.1142857142857143e-8    175.37194974784705    58.005652192743206
2.1285714285714286e-8    175.13520652430037    58.00564609464546
2.142857142857143e-8    174.62490604664453    58.00563967384624
