#time   x    y
0.0    30.5347395422819    60.000065884124155
1.4285714285714285e-10    31.412429700848524    60.00003723610612
2.857142857142857e-10    32.31579388828565    60.000017204048284
4.2857142857142854e-10    33.24016720489277    59.99999377591694
5.714285714285714e-10    34.18041520244832    59.999967778551145
7.142857142857143e-10    35.132790382197264    59.99993769496849
8.571428571428571e-10    36.09471757732094    59.99990219488727
1.0e-9    37.06417847345945    59.99986038598332
1.1428571428571428e-9    38.039584084503275    59.99981094586054
1.2857142857142856e-9    39.01967476735628    59.999752216381566
1.4285714285714286e-9    40.00345126649518    59.99968212126221
1.5714285714285714e-9    40.9901271919112    59.99959812418441
1.7142857142857142e-9    41.97908392246714    59.99949713228906
1.8571428571428571e-9    42.96983452790943    59.999375376219575
2.0e-9    43.96199521691892    59.99922825609685
2.142857142857143e-9    44.95526277538018    59.999050162276426
2.2857142857142857e-9    45.9493969640381    59.99883425800396
2.4285714285714285e-9    46.9442066832518    59.998572215040674
2.5714285714285712e-9    47.93953904151408    59.99825389451638
2.7142857142857144e-9    48.935270673495666    59.99786696153164
2.857142857142857e-9    49.93130079211211    59.997396420743804
3.0e-9    50.92754557218074    59.996824057724
3.1428571428571428e-9    51.92393354259609    59.99612776829683
3.2857142857142855e-9    52.920401724317536    59.995280755369556
3.4285714285714283e-9    53.916892298202534    59.99425056964528
3.5714285714285715e-9    54.91334962149596    59.99299796739442
3.7142857142857143e-9    55.90971743672405    59.99147555512275
3.857142857142857e-9    56.9059361337016    59.98962618781297
4.0e-9    57.90193993558847    59.987381084592926
4.142857142857143e-9    58.897653884868504    59.98465762374486
4.285714285714286e-9    59.892990505717485    59.9813567783323
4.428571428571428e-9    60.88784601655909    59.97736015530866
4.571428571428571e-9    61.88209596198176    59.97252660564578
4.7142857142857145e-9    62.87559012782689    59.96668838225643
4.857142857142857e-9    63.86814659921185    59.95964683775026
5.0e-9    64.8595448208591    59.95116767731336
5.1428571428571425e-9    65.84951752571085    59.94097581540056
5.285714285714286e-9    66.83774141562294    59.92874993063917
5.428571428571429e-9    67.82382651234668    59.91411687332052
5.571428571428571e-9    68.8073041544252    59.896646155434986
5.714285714285714e-9    69.7876137033206    59.87584484418046
5.857142857142857e-9    70.76408814758406    59.85115328382516
6.0e-9    71.73593896355275    59.821942181775405
6.142857142857143e-9    72.70224080870732    59.78751170210387
6.2857142857142855e-9    73.66191688754478    59.74709329742969
6.428571428571429e-9    74.61372612920565    59.69985505598958
6.571428571428571e-9    75.5562536285367    59.64491131825247
6.714285714285714e-9    76.48790609058703    59.5813371985136
6.857142857142857e-9    77.40691423014592    59.508188407532145
7.0e-9    78.31134414839123    59.4245264009766
7.142857142857143e-9    79.19911957029197    59.32944838534377
7.285714285714285e-9    80.06805642207004    59.22212113815072
7.4285714285714286e-9    80.91591053056523    59.10181701597533
7.571428571428571e-9    81.74043825632553    58.967950033718616
7.714285714285714e-9    82.53946871102622    58.82010961478787
7.857142857142857e-9    83.31098499840012    58.658089634666695
8.0e-9    84.05321083859924    58.48191076573928
8.142857142857142e-9    84.76469817664241    58.29183486687884
8.285714285714285e-9    85.44441108522514    58.08837115573179
8.428571428571428e-9    86.09180151763879    57.872274994370365
8.571428571428572e-9    86.70687321037198    57.64454111093817
8.714285714285715e-9    87.29023113484968    57.40639377391267
8.857142857142856e-9    87.8431151375804    57.159276676253874
9.0e-9    88.36741754238251    56.904844985532264
9.142857142857143e-9    88.86568529542136    56.6449611584783
9.285714285714286e-9    89.34110755555653    56.38169475422507
9.428571428571429e-9    89.79748939896193    56.11732470893968
9.57142857142857e-9    90.23921154179348    55.85434049761575
9.714285714285714e-9    90.67117479568473    55.59543650219419
9.857142857142857e-9    91.09872653923644    55.343492014050256
1.0e-8    91.52756505766331    55.10152804705338
1.0142857142857143e-8    91.9636164771972    54.87263212863083
1.0285714285714285e-8    92.41287857040204    54.659844238295115
1.0428571428571428e-8    92.881226372408    54.466001875881744
1.0571428571428571e-8    93.37417681888171    54.29355038591681
1.0714285714285715e-8    93.89661397326486    54.14433588515945
1.0857142857142858e-8    94.4524831632452    54.019410841423365
1.1e-8    95.04447136179613    53.91889325924875
1.1142857142857142e-8    95.67370149993407    53.84192491335605
1.1285714285714286e-8    96.33947808425107    53.78676746201996
1.1428571428571429e-8    97.0391274895254    53.751055011801604
1.1571428571428572e-8    97.76797521847536    53.73218949879835
1.1714285714285714e-8    98.51949179337656    53.72782790864698
1.1857142857142857e-8    99.28561868602284    53.73637835935371
1.2e-8    100.05725900325162    53.75740610175694
1.2142857142857143e-8    100.82489056460274    53.791857429504006
1.2285714285714286e-8    101.57923849404021    53.842039750933544
1.2428571428571428e-8    102.3119356921996    53.911343419311855
1.2571428571428571e-8    103.01610387677847    54.003744441307525
1.2714285714285714e-8    103.68680238017926    54.123174299696714
1.2857142857142857e-8    104.32131120709076    54.27287241428253
1.3e-8    104.91923401342954    54.454840367871206
1.3142857142857142e-8    105.48242333225406    54.669492856864295
1.3285714285714285e-8    106.0147449199185    54.915553844719504
1.3428571428571429e-8    106.52171160984477    55.19019047082529
1.3571428571428572e-8    107.01002899132405    55.489328547201254
1.3714285714285713e-8    107.48710287190694    55.8080658192251
1.3857142857142856e-8    107.96055877689757    56.141097682774756
1.4e-8    108.43781575347086    56.48308971196717
1.4142857142857143e-8    108.92574266040116    56.828960917809766
1.4285714285714286e-8    109.43040910573194    57.1740698025278
1.4428571428571428e-8    109.95692929070151    57.51431498402589
1.457142857142857e-8    110.50938760187306    57.84617168947521
1.4714285714285714e-8    111.09083024627452    58.166686670706326
1.4857142857142857e-8    111.70330654276802    58.47345038072763
1.5e-8    112.3479451483965    58.764559604853055
1.5142857142857142e-8    113.02505313048707    59.03857821748444
1.5285714285714285e-8    113.73422845412729    59.294499385226146
1.5428571428571428e-8    114.47447866863757    59.531709673090944
1.557142857142857e-8    115.2443402281969    59.749954020275354
1.5714285714285715e-8    116.04199406043556    59.949300127737686
1.5857142857142858e-8    116.86537387214024    60.13010108245643
1.6e-8    117.71226441786983    60.29295569775696
1.6142857142857144e-8    118.58038766853112    60.43866680218894
1.6285714285714284e-8    119.46747555248513    60.568198364782305
1.6428571428571427e-8    120.3713286946309    60.68263278502911
1.657142857142857e-8    121.28986130594575    60.7831298574761
1.6714285714285714e-8    122.2211330207199    60.870888857780834
1.6857142857142857e-8    123.16336899113894    60.94711494356562
1.7e-8    124.11496989755324    61.01299069307275
1.7142857142857143e-8    125.07451371055876    61.06965319224979
1.7285714285714286e-8    126.04075106208875    61.11817668957427
1.742857142857143e-8    127.012595977109    61.1595605113588
1.7571428571428573e-8    127.98911352259636    61.194721691562265
1.7714285714285713e-8    128.9695056847361    61.22449162422159
1.7857142857142856e-8    129.95309652165196    61.24961598494631
1.8e-8    130.93931738356227    61.27075717443239
1.8142857142857142e-8    131.92769276215952    61.288498592320394
1.8285714285714285e-8    132.91782713573215    61.30335013528263
1.842857142857143e-8    133.9093930193582    61.31575441326645
1.8571428571428572e-8    134.90212030924843    61.32609327999952
1.8714285714285715e-8    135.89578692290115    61.334694370043984
1.8857142857142858e-8    136.89021067711585    61.3418374197686
1.8999999999999998e-8    137.88524230814176    61.34776022132671
1.914285714285714e-8    138.88075951723147    61.35266411665607
1.9285714285714284e-8    139.87666191582335    61.35671898347563
1.9428571428571428e-8    140.8728667436116    61.36006769875003
1.957142857142857e-8    141.86930523674448    61.36283008893008
1.9714285714285714e-8    142.8659195301581    61.36510639232154
1.9857142857142857e-8    143.86265998543308    61.36698026886053
2.0e-8    144.85948284270967    61.36852139794724
2.0142857142857144e-8    145.85634810067756    61.36978770694853
2.0285714285714287e-8    146.85321753204053    61.370827272672024
2.0428571428571427e-8    147.8500527423204    61.37167993623608
2.057142857142857e-8    148.84681317670118    61.37237866887284
2.0714285714285713e-8    149.84345397254125    61.37295072294734
2.0857142857142856e-8    150.8399235426575    61.37341859882616
2.1e-8    151.83616075632398    61.373800854789074
2.1142857142857143e-8    152.83209155905269    61.374112783731874
2.1285714285714286e-8    153.82762483747942    61.374366977311915
2.142857142857143e-8    154.82264728936033    61.3745737953131
