#time   x    y
0.0    30.5347395422819    60.000065884124155
1.4285714285714285e-10    31.412415919640022    60.00002905156891
2.857142857142857e-10    32.315796004887275    59.99999718923543
4.2857142857142854e-10    33.24016863292789    59.999959075331226
5.714285714285714e-10    34.18041944918493    59.99991539354054
7.142857142857143e-10    35.13279598504135    59.999862840580576
8.571428571428571e-10    36.094725381571706    59.99979921989078
1.0e-9    37.064189081902704    59.99972219937134
1.1428571428571428e-9    38.03959783499663    59.999628581361016
1.2857142857142856e-9    39.01969236441766    59.9995144383011
1.4285714285714286e-9    40.003473477037886    59.99937480077219
1.5714285714285714e-9    40.990154910806424    59.99920349199682
1.7142857142857142e-9    41.97911819699888    59.99899283585607
1.8571428571428571e-9    42.969876566606935    59.998733281939145
2.0e-9    43.96204640247111    59.99841294015153
2.142857142857143e-9    44.955324671802806    59.99801700284545
2.2857142857142857e-9    45.94947131112607    59.99752702282391
2.4285714285714285e-9    46.944295375852796    59.99692001094744
2.5714285714285712e-9    47.939644082934976    59.9961673086212
2.7142857142857144e-9    48.935394090699255    59.99523317888624
2.857142857142857e-9    49.931444495300774    59.99407304619817
3.0e-9    50.927711134175915    59.99263129755992
3.1428571428571428e-9    51.92412186446901    59.99083853665249
3.2857142857142855e-9    52.920612541495395    59.988608156847725
3.4285714285714283e-9    53.91712346527722    59.98583206758185
3.5714285714285715e-9    54.91359609309964    59.982375370809834
3.7142857142857143e-9    55.909969835115575    59.97806973944443
3.857142857142857e-9    56.90617876002568    59.972705197261355
4.0e-9    57.90214804055721    59.96601994014382
4.142857142857143e-9    58.897789965688666    59.957687772842846
4.285714285714286e-9    59.89299934122492    59.94730266698841
4.428571428571428e-9    60.88764809627307    59.93435988117009
4.571428571428571e-9    61.881578916839    59.918233033371806
4.7142857142857145e-9    62.87459774928743    59.898146497953995
4.857142857142857e-9    63.86646507156256    59.87314254160386
5.0e-9    64.85688594270184    59.84204275669148
5.1428571428571425e-9    65.84549904628204    59.80340365562853
5.285714285714286e-9    66.83186528920264    59.75546683624801
5.428571428571429e-9    67.81545706684314    59.696105019119415
5.571428571428571e-9    68.79565013262327    59.62276661573492
5.714285714285714e-9    69.77172118669016    59.532423443645484
5.857142857142857e-9    70.74285586571993    59.42152888065355
6.0e-9    71.70817372854854    59.285997218755554
6.142857142857143e-9    72.66677887069059    59.12121922495184
6.2857142857142855e-9    73.6178464430803    58.922133793144226
6.428571428571429e-9    74.56075562337135    58.68338076615185
6.571428571428571e-9    75.49527693163239    58.39956500857179
6.714285714285714e-9    76.4218140111358    58.06566582800439
6.857142857142857e-9    77.34168449402456    57.6776275239264
7.0e-9    78.25739894691878    57.2331635940338
7.142857142857143e-9    79.17286043201018    56.73279384489919
7.285714285714285e-9    80.09336370384175    56.18110117513959
7.4285714285714286e-9    81.02523542301425    55.5881294441173
7.571428571428571e-9    81.97495312299294    54.970731337608164
7.714285714285714e-9    82.9476576510788    54.353514030044586
7.857142857142857e-9    83.94518574741934    53.76885811638909
8.0e-9    84.964114800142    53.25540695536054
8.142857142857142e-9    85.99473006437489    52.854605484808054
8.285714285714285e-9    87.02200652874403    52.605433425082644
8.428571428571428e-9    88.02925505091974    52.53830548908963
8.571428571428572e-9    89.00389055415997    52.66971851881212
8.714285714285715e-9    89.94337267213696    52.99905251566569
8.857142857142856e-9    90.85875732574577    53.50795547498848
9.0e-9    91.77406740718318    54.16169646668016
9.142857142857143e-9    92.72135636516973    54.91158744749054
9.285714285714286e-9    93.73285587477746    55.69812829374197
9.428571428571429e-9    94.8323645306734    56.455244821511165
9.57142857142857e-9    96.02812726665755    57.116148600365406
9.714285714285714e-9    97.30912252744938    57.620736732433556
9.857142857142857e-9    98.64593982807801    57.9234038843682
1.0e-8    99.99623318414561    57.999313314048706
1.0142857142857143e-8    101.3133060123026    57.84719291708713
1.0285714285714285e-8    102.55534066915186    57.487753665748116
1.0428571428571428e-8    103.69273469851456    56.958369557716914
1.0571428571428571e-8    104.71198328256602    56.30585533753912
1.0714285714285715e-8    105.61594977592182    55.57946024921447
1.0857142857142858e-8    106.42144594943005    54.825628720934525
1.1e-8    107.15542875325049    54.085156338800594
1.1142857142857142e-8    107.85090393073027    53.39256852622153
1.1285714285714286e-8    108.54312029145566    52.77707009388129
1.1428571428571429e-8    109.26612735210713    52.26420204948191
1.1571428571428572e-8    110.04943923617739    51.87724684697778
1.1714285714285714e-8    110.91453890471772    51.6373658916744
1.1857142857142857e-8    111.8714009365677    51.5615778149198
1.2e-8    112.91607943658603    51.65840267248116
1.2142857142857143e-8    114.0311280326571    51.92259394828998
1.2285714285714286e-8    115.19004495419294    52.33208288584876
1.2428571428571428e-8    116.36463565827611    52.850056253712935
1.2571428571428571e-8    117.53196707965736    53.432088736412624
1.2714285714285714e-8    118.67792138550028    54.03493938273297
1.2857142857142857e-8    119.79689794281215    54.62318055909443
1.3e-8    120.88930081421692    55.17202820646105
1.3142857142857142e-8    121.95869738257974    55.667006019111895
1.3285714285714285e-8    123.00968439662705    56.1019346567842
1.3428571428571429e-8    124.04666183312145    56.47649513293353
1.3571428571428572e-8    125.0733066157899    56.79405360222082
1.3714285714285713e-8    126.0924623178569    57.05999073813012
1.3857142857142856e-8    127.10622586602659    57.280538147306714
1.4e-8    128.11609959733616    57.462030119138085
1.4142857142857143e-8    129.123143320437    57.610461588259476
1.4285714285714286e-8    130.12810091241664    57.731256869224495
1.4428571428571428e-8    131.13149629637095    57.82917560589118
1.457142857142857e-8    132.13370224339823    57.908303084129926
1.4714285714285714e-8    133.1349879783786    57.97208871107928
1.4857142857142857e-8    134.13555140616626    58.02340885244541
1.5e-8    135.1355406722348    58.06463900890913
1.5142857142857142e-8    136.1350685399009    58.09772633466313
1.5285714285714285e-8    137.13422201504684    58.124257499165566
1.5428571428571428e-8    138.13306885261747    58.145519460962205
1.557142857142857e-8    139.1316620155423    58.1625523073058
1.5714285714285715e-8    140.1300427743038    58.17619424058615
1.5857142857142858e-8    141.12824288387284    58.18711929208049
1.6e-8    142.12628611183476    58.195868573939606
1.6142857142857144e-8    143.12418928711    58.20287594813505
1.6285714285714284e-8    144.12196297112249    58.20848896630242
1.6428571428571427e-8    145.1196118088478    58.212985861712205
1.657142857142857e-8    146.1171345860847    58.21658928122981
1.6714285714285714e-8    147.11452399601015    58.219477347603984
1.6857142857142857e-8    148.11176609825964    58.22179254936382
1.7e-8    149.1088394348725    58.22364887167714
1.7142857142857143e-8    150.1057137472717    58.225137508240316
1.7285714285714286e-8    151.10234821560493    58.22633143191261
1.742857142857143e-8    152.09868911400844    58.227289049462286
1.7571428571428573e-8    153.0946667414208    58.228057122560095
1.7714285714285713e-8    154.09019144508886    58.22867310166238
1.7857142857142856e-8    155.0851485001489    58.229166990554624
1.8e-8    156.0793915408341    58.22956283592861
1.8142857142857142e-8    157.07273415252837    58.22987991752
1.8285714285714285e-8    158.0649391245666    58.23013369916631
1.842857142857143e-8    159.0557047249844    58.23033658900124
1.8571428571428572e-8    160.04464718316203    58.23049854726382
1.8714285714285715e-8    161.03127834576244    58.23062757242546
1.8857142857142858e-8    162.01497719506517    58.23073009014732
1.8999999999999998e-8    162.9949535758678    58.23081126459252
1.914285714285714e-8    163.97020205550416    58.230875247713094
1.9285714285714284e-8    164.9394433305681    58.23092537893298
1.9428571428571428e-8    165.90104998735146    58.230964345179835
1.957142857142857e-8    166.85295272243988    58.23099430917341
1.9714285714285714e-8    167.79252235508451    58.231017012339976
1.9857142857142857e-8    168.7164221625488    58.23103385737029
2.0e-8    169.6204243430015    58.231045974510856
2.0142857142857144e-8    170.4991839338724    58.23105427478453
2.0285714285714287e-8    171.34596358195782    58.23105949275773
2.0428571428571427e-8    172.1523036342745    58.231062220912854
2.057142857142857e-8    172.90763477512783    58.23106293727503
2.0714285714285713e-8    173.59883581152238    58.23106202764752
2.0857142857142856e-8    174.20974838748805    58.23105980349727
2.1e-8    174.7206746861363    58.23105651634305
2.1142857142857143e-8    175.10790461347634    58.23105236935814
2.1285714285714286e-8    175.34334566364507    58.231047526704735
2.142857142857143e-8    175.39435965450565    58.2310421210558
