#time   x    y
0.0    30.5347395422819    60.000065884124155
1.4285714285714285e-10    31.412429734225924    60.000038411897236
2.857142857142857e-10    32.31579445581976    60.00002000829561
4.2857142857142854e-10    33.24016811524938    59.99999857543275
5.714285714285714e-10    34.18041674330037    59.999975004414694
7.142857142857143e-10    35.13279254867974    59.99994794356662
8.571428571428571e-10    36.094720617902034    59.99991621357273
1.0e-9    37.06418258056837    59.99987908491474
1.1428571428571428e-9    38.03958957921094    59.99983546258054
1.2857142857142856e-9    39.01968203085698    59.99978396302817
1.4285714285714286e-9    40.00346078079988    59.999722852972546
1.5714285714285714e-9    40.99013957488879    59.99965002317205
1.7142857142857142e-9    41.979099961105945    59.99956291121122
1.8571428571428571e-9    42.969855225392095    59.99945840693474
2.0e-9    43.96202185300382    59.99933272967899
2.142857142857143e-9    44.95529698251841    59.99918128753169
2.2857142857142857e-9    45.949440825151804    59.99899850782144
2.4285714285714285e-9    46.94426285646564    59.99877763192683
2.5714285714285712e-9    47.939610919447766    59.99851046928568
2.7142857142857144e-9    48.9353625866932    59.99818710237909
2.857142857142857e-9    49.93141826870251    59.99779553378292
3.0e-9    50.92769566922752    59.9973212648382
3.1428571428571428e-9    51.92412526873956    59.99674679383436
3.2857142857142855e-9    52.92064657853619    59.99605102005923
3.4285714285714283e-9    53.91720495612681    59.99520853827881
3.5714285714285715e-9    54.91374880889007    59.99418880645968
3.7142857142857143e-9    55.91022704000948    59.99295516790493
3.857142857142857e-9    56.906586609994235    59.99146370758968
4.0e-9    57.90277010028111    59.98966192157444
4.142857142857143e-9    58.898713173659644    59.98748717829076
4.285714285714286e-9    59.8943418307441    59.984864951523434
4.428571428571428e-9    60.889569363391864    59.98170680775777
4.571428571428571e-9    61.88429290586153    59.97790813567883
4.7142857142857145e-9    62.878389483837964    59.97334561400598
4.857142857142857e-9    63.87171146147499    59.967874426368304
5.0e-9    64.86408128918988    59.961325249668114
5.1428571428571425e-9    65.85528546208658    59.95350106657451
5.285714285714286e-9    66.84506761340326    59.944173884416536
5.428571428571429e-9    67.83312069242463    59.933081482785305
5.571428571428571e-9    68.81907821563588    59.919924360810015
5.714285714285714e-9    69.80250463771348    59.904363111835835
5.857142857142857e-9    70.78288496924539    59.88601651606594
6.0e-9    71.75961387416275    59.86446070656864
6.142857142857143e-9    72.7319846136013    59.83922982435108
6.2857142857142855e-9    73.69917836257116    59.80981862431557
6.428571428571429e-9    74.66025460545038    59.77568751318803
6.571428571428571e-9    75.61414350320781    59.7362704778278
6.714285714285714e-9    76.55964129878552    59.69098628175509
6.857142857142857e-9    77.4954099585324    59.63925315526012
7.0e-9    78.41998230104271    59.58050697198142
7.142857142857143e-9    79.33177380125733    59.51422259505993
7.285714285714285e-9    80.22910204188132    59.43993770658462
7.4285714285714286e-9    81.11021439320098    59.35727804085295
7.571428571428571e-9    81.97332393652324    59.26598257754221
7.714285714285714e-9    82.81665293735257    59.16592697916191
7.857142857142857e-9    83.63848238847184    59.05714344186835
8.0e-9    84.43720537748783    58.939835219069806
8.142857142857142e-9    85.21138140183297    58.81438439290595
8.285714285714285e-9    85.959788366047    58.68135198928106
8.428571428571428e-9    86.68146893178938    58.54147019648185
8.571428571428572e-9    87.3757681820895    58.39562716217589
8.714285714285715e-9    88.04236018010256    58.24484550220631
8.857142857142856e-9    88.68126186622042    58.09025616036387
9.0e-9    89.29283372474792    57.93306954426694
9.142857142857143e-9    89.87776762849107    57.77454590461934
9.285714285714286e-9    90.43706311680252    57.61596674322983
9.428571428571429e-9    90.97199399446636    57.45860868421254
9.57142857142857e-9    91.48406751570371    57.30372079728925
9.714285714285714e-9    91.97497854434761    57.15250589913284
9.857142857142857e-9    92.44656099788295    57.00610594309819
1.0e-8    92.9007386509874    56.8655912839772
1.0142857142857143e-8    93.33947706072256    56.73195339324564
1.0285714285714285e-8    93.76473804198793    56.60610050089182
1.0428571428571428e-8    94.17843781482976    56.48885563508835
1.0571428571428571e-8    94.58240969355016    56.38095659293779
1.0714285714285715e-8    94.9783720018536    56.28305747275146
1.0857142857142858e-8    95.36790177345117    56.195731499696116
1.1e-8    95.7524147170519    56.119474956509876
1.1142857142857142e-8    96.13315186430412    56.054712071115176
1.1285714285714286e-8    96.51117325289131    56.00180070475065
1.1428571428571429e-8    96.88735890002638    55.96103862997847
1.1571428571428572e-8    97.26241717514941    55.932670099581905
1.1714285714285714e-8    97.63690047400111    55.91689230560569
1.1857142857142857e-8    98.01122782964    55.913861237908755
1.2e-8    98.38571378103146    55.923696399956235
1.2142857142857143e-8    98.76060247824276    55.9464838477307
1.2285714285714286e-8    99.1361056651974    55.982277098040406
1.2428571428571428e-8    99.51244288046848    56.031095604510895
1.2571428571428571e-8    99.88988198878886    56.09292070899945
1.2714285714285714e-8    100.26877802958474    56.16768921678509
1.2857142857142857e-8    100.64960836489217    56.25528498211683
1.3e-8    101.03300223461738    56.3555290919579
1.3142857142857142e-8    101.41976307776855    56.4681693718642
1.3285714285714285e-8    101.81088233485127    56.59286999281146
1.3428571428571429e-8    102.20754388053416    56.729201930665425
1.3571428571428572e-8    102.61111871152899    56.876634935072275
1.3714285714285713e-8    103.02314999530371    57.03453152723726
1.3857142857142856e-8    103.44532903761474    57.20214339723576
1.4e-8    103.8794631242836    57.37861043956759
1.4142857142857143e-8    104.3274365190973    57.562962570749185
1.4285714285714286e-8    104.79116614938064    57.754124421912465
1.4428571428571428e-8    105.2725536868979    57.950922986478815
1.457142857142857e-8    105.77343584335928    58.15209830966036
1.4714285714285714e-8    106.29553475641264    58.356317307177996
1.4857142857142857e-8    106.84041035156424    58.562190768262454
1.5e-8    107.40941652863548    58.76829351048581
1.5142857142857142e-8    108.00366293271415    58.97318749967008
1.5285714285714285e-8    108.62398391700285    59.17544752908137
1.5428571428571428e-8    109.27091607441534    59.37368878625416
1.557142857142857e-8    109.9446853948274    59.56659535473608
1.5714285714285715e-8    110.64520469318518    59.75294844410054
1.5857142857142858e-8    111.37208146071104    59.9316529598907
1.6e-8    112.12463574441047    60.10176095660378
1.6142857142857144e-8    112.90192710073455    60.26249058908205
1.6285714285714284e-8    113.70278914982975    60.41323939878045
1.6428571428571427e-8    114.52586983256224    60.553591126515194
1.657142857142857e-8    115.36967519080017    60.68331569532488
1.6714285714285714e-8    116.2326143845966    60.80236250276892
1.6857142857142857e-8    117.11304373768536    60.91084764064841
1.7e-8    118.00930785040202    61.00903606453098
1.7142857142857143e-8    118.91977620164502    61.097320021794296
1.7285714285714286e-8    119.84287412778312    61.17619519078668
1.742857142857143e-8    120.77710756111718    61.24623598318906
1.7571428571428573e-8    121.72108138075468    61.308071334430245
1.7714285714285713e-8    122.67351163293442    61.36236208509816
1.7857142857142856e-8    123.63323218922515    61.40978077853509
1.8e-8    124.59919661887074    61.45099440498579
1.8142857142857142e-8    125.57047615884309    61.4866503434395
1.8285714285714285e-8    126.54625468570102    61.51736551226411
1.842857142857143e-8    127.52582154640366    61.5437185522682
1.8571428571428572e-8    128.50856301208316    61.566244735024696
1.8714285714285715e-8    129.49395299979773    61.585433211976294
1.8857142857142858e-8    130.48154357885963    61.60172618830529
1.8999999999999998e-8    131.47095565338023    61.615519609584325
1.914285714285714e-8    132.4618700994017    61.627164978286
1.9285714285714284e-8    133.4540195380134    61.636971961812264
1.9428571428571428e-8    134.4471808469454    61.645211505792865
1.957142857142857e-8    135.44116845186377    61.652119219960845
1.9714285714285714e-8    136.43582839326479    61.65789885492005
1.9857142857142857e-8    137.4310331330718    61.662725733778615
2.0e-8    138.42667704423113    61.666750041924594
2.0142857142857144e-8    139.4226725141897    61.6700999106016
2.0285714285714287e-8    140.41894658681704    61.67288425572895
2.0428571428571427e-8    141.41543806530308    61.67519535332365
2.057142857142857e-8    142.4120949989304    61.677111147545446
2.0714285714285713e-8    143.4088724784299    61.67869729791024
2.0857142857142856e-8    144.40573066643205    61.680008979179426
2.1e-8    145.40263299091166    61.68109245183973
2.1142857142857143e-8    146.39954442939572    61.681986423396
2.1285714285714286e-8    147.39642980959985    61.6827232215486
2.142857142857143e-8    148.3932520474974    61.683329800125954
