#time   x    y
0.0    30.5347395422819    60.000065884124155
1.4285714285714285e-10    31.412418390120926    60.000029647139215
2.857142857142857e-10    32.315794917051704    59.99999867666041
4.2857142857142854e-10    33.24016739385455    59.999961686357125
5.714285714285714e-10    34.18041705025405    59.99991933677878
7.142857142857143e-10    35.132792658365794    59.999868512903205
8.571428571428571e-10    36.0947207081108    59.99980705285437
1.0e-9    37.06418273760228    59.999732752068155
1.1428571428571428e-9    38.0395894100889    59.999642567104196
1.2857142857142856e-9    39.019681309529915    59.99953275532844
1.4285714285714286e-9    40.00345911632927    59.99939858722157
1.5714285714285714e-9    40.99013639111216    59.999234189441154
1.7142857142857142e-9    41.97909444349428    59.99903227096861
1.8571428571428571e-9    42.96984622504406    59.998783771613134
2.0e-9    43.96200776460668    59.99847742481167
2.142857142857143e-9    44.955275581703155    59.9980992168649
2.2857142857142857e-9    45.949409046345146    59.997631712348095
2.4285714285714285e-9    46.9442164965124    59.99705321234813
2.5714285714285712e-9    47.9395442402048    59.996336704787225
2.7142857142857144e-9    48.935267783489515    59.99544855534874
2.857142857142857e-9    49.931284760987104    59.99434687539284
3.0e-9    50.927509155269604    59.99297948754853
3.1428571428571428e-9    51.92386646808961    59.99128139093291
3.2857142857142855e-9    52.920289562100464    59.98917160500086
3.4285714285714283e-9    53.916714932847256    59.98654924320502
3.5714285714285715e-9    54.91307919844122    59.98328863433023
3.7142857142857143e-9    55.90931561039408    59.97923326993542
3.857142857142857e-9    56.90535039531434    59.974188310512936
4.0e-9    57.90109873483082    59.96791133099248
4.142857142857143e-9    58.89646018200888    59.96010092914248
4.285714285714286e-9    59.89131329884887    59.950382761254026
4.428571428571428e-9    60.88550928452054    59.938292513171106
4.571428571428571e-9    61.87886435348259    59.9232552707173
4.7142857142857145e-9    62.87115062537811    59.90456073628992
4.857142857142857e-9    63.86208531893919    59.88133377068584
5.0e-9    64.85131812193059    59.85249985426384
5.1428571428571425e-9    65.83841677079869    59.81674530631188
5.285714285714286e-9    66.82285116304723    59.772472538849215
5.428571428571429e-9    67.80397680342233    59.717751330874165
5.571428571428571e-9    68.78101912656399    59.65026818519167
5.714285714285714e-9    69.75306132433597    59.567277372234486
5.857142857142857e-9    70.71903980025056    59.465559363792906
6.0e-9    71.67775328479787    59.3413950709148
6.142857142857143e-9    72.62789385835647    59.19056762149318
6.2857142857142855e-9    73.5681103046176    59.008407261123075
6.428571428571429e-9    74.4971156765491    58.789899171865486
6.571428571428571e-9    75.41385055577895    58.52987835422871
6.714285714285714e-9    76.31770954977067    58.22333993639888
6.857142857142857e-9    77.2088289429114    57.865896935542956
7.0e-9    78.08841574411781    57.45441959603482
7.142857142857143e-9    78.9590708081139    56.98788839203757
7.285714285714285e-9    79.8250213980659    56.46848076063912
7.4285714285714286e-9    80.69213653611229    55.902878523706796
7.571428571428571e-9    81.56756662313616    55.303711774470514
7.714285714285714e-9    82.45885827351843    54.69092735890635
7.857142857142857e-9    83.37249660343815    54.092681664313766
8.0e-9    84.31207556891349    53.54514878578219
8.142857142857142e-9    85.27669737003703    53.090527941523824
8.285714285714285e-9    86.26060746485463    52.77272898661352
8.428571428571428e-9    87.25511066376716    52.630876142631934
8.571428571428572e-9    88.25304583894571    52.69177976783722
8.714285714285715e-9    89.25452904234785    52.963323852921455
8.857142857142856e-9    90.27122125620804    53.430618890023794
9.0e-9    91.32636387172893    54.055725427686525
9.142857142857143e-9    92.44960128143633    54.780617493686115
9.285714285714286e-9    93.6680131807669    55.53269920825249
9.428571428571429e-9    94.99636309860492    56.23248559312241
9.57142857142857e-9    96.42985021431878    56.80313871504072
9.714285714285714e-9    97.9418927264123    57.180882038299444
9.857142857142857e-9    99.4879574449226    57.32427124840082
1.0e-8    101.01446328586766    57.219816039541044
1.0142857142857143e-8    102.46998728904877    56.88222296847783
1.0285714285714285e-8    103.81530159428985    56.34935965347316
1.0428571428571428e-8    105.02958523257618    55.67388713372127
1.0571428571428571e-8    106.11193529813866    54.914330863856065
1.0714285714285715e-8    107.07897008737243    54.127909060122334
1.0857142857142858e-8    107.96011935643656    53.36624552598673
1.1e-8    108.79208828201288    52.67388345638113
1.1142857142857142e-8    109.61337804180526    52.08868628999768
1.1285714285714286e-8    110.45913045363287    51.642784037988115
1.1428571428571429e-8    111.35630399512014    51.362602942036204
1.1571428571428572e-8    112.31950341641014    51.266796633927505
1.1714285714285714e-8    113.34858783116225    51.36195037926237
1.1857142857142857e-8    114.42972618373629    51.63788067903382
1.2e-8    115.54063022412056    52.06601304292289
1.2142857142857143e-8    116.6581773287068    52.60344546350411
1.2285714285714286e-8    117.76480734775056    53.2016460464318
1.2428571428571428e-8    118.8511253730941    53.815670599493956
1.2571428571428571e-8    119.91491492124457    54.41022406316133
1.2714285714285714e-8    120.95847970832811    54.961592007667235
1.2857142857142857e-8    121.98606071328265    55.45658357316408
1.3e-8    123.00210271374242    55.890128104010294
1.3142857142857142e-8    124.01039218899429    56.26270711159532
1.3285714285714285e-8    125.01379328992415    56.57819137116515
1.3428571428571429e-8    126.01429998857603    56.84223754931613
1.3571428571428572e-8    127.01321093261369    57.061198498381444
1.3714285714285713e-8    128.01132174242167    57.241435842057726
1.3857142857142856e-8    129.0090893150346    57.38892133599773
1.4e-8    130.0067557115159    57.50903362126167
1.4142857142857143e-8    131.0044343384791    57.606480706733876
1.4285714285714286e-8    132.00216633142983    57.68529905902419
1.4428571428571428e-8    132.99995550743625    57.7488960181807
1.457142857142857e-8    133.9977888803904    57.800113774429434
1.4714285714285714e-8    134.99564794639167    57.84130121499425
1.4857142857142857e-8    135.99351434347292    57.87438545220469
1.5e-8    136.99137224796738    57.900938493287896
1.5142857142857142e-8    137.98920898538816    57.92223685958277
1.5285714285714285e-8    138.98701473939747    57.93931341639544
1.5428571428571428e-8    139.98478186053316    57.953001528324165
1.557142857142857e-8    140.98250403999498    57.963972116415135
1.5714285714285715e-8    141.98017547294242    57.97276440688027
1.5857142857142858e-8    142.97779005435422    57.97981122342725
1.6e-8    143.97534060515537    57.985459650993675
1.6142857142857144e-8    144.97281810146512    57.98998782899006
1.6285714285714284e-8    145.97021086580506    57.993618542856694
1.6428571428571427e-8    146.96750366986893    57.996530189026466
1.657142857142857e-8    147.96467669058325    57.99886559885468
1.6714285714285714e-8    148.96170425172105    58.00073912592971
1.6857142857142857e-8    149.95855327132713    58.00224233028216
1.7e-8    150.9551813186226    58.003448532307765
1.7142857142857143e-8    151.95153416196447    58.00441645829432
1.7285714285714286e-8    152.94754266022574    58.005193157190355
1.742857142857143e-8    153.94311881163992    58.00581633348122
1.7571428571428573e-8    154.9381507245686    58.006316212722616
1.7714285714285713e-8    155.93249621082248    58.00671703326751
1.7857142857142856e-8    156.92597462018293    58.00703823914762
1.8e-8    157.91835643026934    58.007295434110965
1.8142857142857142e-8    158.90934997275926    58.00750114477295
1.8285714285714285e-8    159.89858450828598    58.00766543124843
1.842857142857143e-8    160.88558864950707    58.00779637587029
1.8571428571428572e-8    161.86976286499808    58.00790047447787
1.8714285714285715e-8    162.85034446442904    58.007982949796045
1.8857142857142858e-8    163.8263630564856    58.00804800252641
1.8999999999999998e-8    164.7965839740653    58.00809901258351
1.914285714285714e-8    165.7594365689613    58.00813870046052
1.9285714285714284e-8    166.712923591187    58.00816925666403
1.9428571428571428e-8    167.65450710193969    58.00819244557957
1.957142857142857e-8    168.5809655681084    58.00820968885605
1.9714285714285714e-8    169.48821603957944    58.00822213236482
1.9857142857142857e-8    170.37109478210445    58.00823070000206
2.0e-8    171.22308970174788    58.00823613692821
2.0142857142857144e-8    172.036018784219    58.008239044332285
2.0285714285714287e-8    172.79965122757037    58.008239907401645
2.0428571428571427e-8    173.50127286649018    58.00823911781419
2.057142857142857e-8    174.125206021594    58.00823699186126
2.0714285714285713e-8    174.65230735271828    58.00823378502031
2.0857142857142856e-8    175.05948677980624    58.00822970370664
2.1e-8    175.31931637214896    58.00822491474142
2.1142857142857143e-8    175.39982871092934    58.00821955297831
2.1285714285714286e-8    175.26463462805313    58.00821372745872
2.142857142857143e-8    174.87351058779325    58.00820752636321
