# X     Y    total_energy
30.535074477258078  60.00006579418901  2.264851991497235e-22
31.41268858881646  59.99716140135099  2.588795170595871e-22
32.30313008237034  59.86961901253099  3.562376182875942e-22
33.185839398883985  59.62908427985193  5.118249946536455e-22
34.046778453411555  59.293116834327336  7.164607292054769e-22
34.87759482701921  58.883464961177886  9.592061475935792e-22
35.67710790272366  58.42452058591567  1.2287444676605148e-21
36.45094693324268  57.94189881969135  1.5131808945568676e-21
37.21013099360733  57.46152031384316  1.8006941738513716e-21
37.969803496484346  57.00915857015474  2.0788074525217143e-21
38.74743718297244  56.610191651305456  2.3339702368324478e-21
39.56045413940036  56.28932543044713  2.551483062620508e-21
40.42356352077777  56.06970265366917  2.715323021292208e-21
41.3458805992446  55.97091052837591  2.8099546362092765e-21
42.3284795616516  56.00563505860095  2.823491787275889e-21
43.36359886292687  56.17583868065201  2.7520815778135616e-21
44.43634645556851  56.470244706401594  2.6028496873706075e-21
45.528775443680935  56.86517427052725  2.3930976275978386e-21
46.6245168508079  57.32902202157011  2.1456555029959077e-21
47.711924199467916  57.828474350090225  1.883128844938196e-21
48.78487496503201  58.33392246490038  1.6238688039232555e-21
49.841774130131824  58.822543443431535  1.3804275339632493e-21
50.88387884478612  59.2790402442048  1.159990292987785e-21
51.91377052665927  59.69483694266285  9.656482568373672e-22
52.93430970509076  60.0665970372672  7.977350899062712e-22
53.948074732829966  60.3946576924121  6.548979194533595e-22
54.957143987363594  60.681677193243786  5.348618150400502e-22
55.963074872587995  60.931593760281324  4.349538779220187e-22
56.966975011962894  61.148887532172786  3.524490406013534e-22
57.96960107400232  61.33809340944586  2.84763084458308e-22
58.97145306638275  61.50350469416794  2.295361195382643e-22
59.97285196767304  61.64901309168141  1.8467010768230338e-22
60.97399822103365  61.77804048570477  1.4834707258604044e-22
61.97501353689606  61.89352927620921  1.1902481015475855e-22
62.975969548790474  61.99796725026946  9.541289953408847e-23
63.97690670722183  62.09343066106424  7.643755145918552e-23
64.97784653516021  62.181634915879904  6.120965615205507e-23
65.97879941306597  62.26398610909587  4.900079581576866e-23
66.97976936383465  62.34162961690285  3.922021728503414e-23
67.98075695303041  62.415493879037086  3.139092513640575e-23
68.98176100602936  62.48632860903949  2.512707782296912e-23
69.98277959874684  62.554737390330494  2.0116376500183777e-23
70.98381060661391  62.621205032205204  1.6107703820709023e-23
71.98485197749848  62.686120256787625  1.2900549264608469e-23
72.98590186287856  62.74979433485996  1.0334918891526315e-23
73.98695867013934  62.812476279079355  8.282470182813726e-24
74.98802106094028  62.874365160139256  6.639979675807255e-24
75.98908792961625  62.935620052534226  5.324903298765992e-24
76.9901583744153  62.996368040560704  4.271636984620295e-24
77.99123166657463  63.056710640854064  3.427982256681061e-24
78.99230722161396  63.11672894701492  2.7520991065624738e-24
79.99338457193036  63.1764877462832  2.2103381798712023e-24
80.99446334469604  63.23603880845415  1.7758100804621262e-24
81.99554324430552  63.29542351199101  1.4271609547918864e-24
82.99662403617809  63.354674939202965  1.147390059457404e-24
83.99770553436646  63.4138195483797  9.228409231689798e-25
84.99878759167002  63.4728785080694  7.4250768714189865e-25
85.99987009152542  63.531868760827614  5.975882479204608e-25
87.00095294189236  63.59080387214836  4.8108971909225355e-25
88.00203606985198  63.64969470793659  3.8743453705783913e-25
89.00311941767308  63.708549975272504  3.121279342069789e-25
90.00420293978456  63.76737665415504  2.5153829882287827e-25
91.0052865999747  63.82618034218194  2.0275757168245013e-25
92.006370369539  63.884965530165715  1.6347411929332383e-25
93.00745422579435  63.94373582242156  1.3184024802097488e-25
94.00853815062464  64.00249411273731  1.0636170404608434e-25
95.00962212974981  64.0612427253885  8.582797396936892e-26
96.01070615170919  64.11998352776997  6.926867287998973e-26
97.01179020721337  64.17871802071404  5.591236802264094e-26
98.01287428897949  64.2374474108936  4.514092742108131e-26
99.01395839098903  64.2961726686719  3.6452684633652017e-26
100.01504250833833  64.35489457462423  2.944016820495504e-26
101.01612663700105  64.41361375679259  2.3776604741282595e-26
102.01721077335606  64.47233072051847  1.9202236489956986e-26
103.0182949143627  64.53104587255119  1.5508416240742052e-26
104.01937905719906  64.58975954029613  1.2525187913758247e-26
105.02046319909749  64.64847198725339  1.0114182082936316e-26
106.02154733737126  64.70718342552456  8.164455537124415e-27
107.022631468992  64.76589402573074  6.587840650772055e-27
108.02371559068558  64.82460392514388  5.3133510091894165e-27
109.02479969873174  64.88331323418117  4.282947585060381e-27
