1.000000000000000056e-01 2.195066603501816862e+05
2.000000000000000111e-01 2.638989516697304134e+04
2.999999999999999889e-01 7.207737909320651397e+02
4.000000000000000222e-01 2.288318529071016769e+02
5.000000000000000000e-01 1.891723020078671311e+02
5.999999999999999778e-01 1.507748390633780673e+02
6.999999999999999556e-01 1.021336584780528796e+02
7.999999999999999334e-01 6.333746665592264691e+01
8.999999999999999112e-01 4.794912713664791681e+01
9.999999999999998890e-01 4.092249719635938732e+01
1.099999999999999867e+00 3.609441320702664058e+01
1.199999999999999956e+00 3.242243025267107726e+01
1.300000000000000044e+00 2.949611317961192825e+01
1.399999999999999911e+00 2.709224231931685622e+01
1.500000000000000000e+00 2.507380490987046784e+01
1.599999999999999867e+00 2.335021957499330370e+01
1.699999999999999956e+00 2.185843155744295530e+01
1.800000000000000044e+00 2.055282631219099443e+01
1.899999999999999911e+00 1.939939815752222785e+01
2.000000000000000000e+00 1.837217159097230734e+01
