8.126557474989203911e+01 7.566266232713370243e+01
9.551146996329066496e+01 2.519450302452566604e+01
1.563336676005930599e+02 2.780038417232616865e+01
2.131428445508313274e+01 1.052993915379701377e+02
1.317682423225729451e+02 1.029385345075596661e+02
1.925422616744494917e+02 1.154410734026117495e+02
3.863255050297370019e+01 2.718841185225385715e+01
2.474213714352510465e+02 7.028127536724332458e+01
2.096864556447652035e+02 1.728080514302202886e+01
2.655359061701996097e+02 1.265685242657983878e+02
8.259809894929362883e+01 1.278472788477546089e+02
3.575247704027509599e+02 9.056089200641673642e+01
1.947240269089350306e+02 6.499335312771869155e+01
2.901129884097039167e+02 4.364381338786733977e+01
3.066902693136775042e+02 9.767238229558940077e+01
3.562748853743423183e+02 8.059050600764479100e+00
3.982683831937819718e+02 5.859515968632703675e+01
3.963351023436225660e+02 1.248591055549024986e+02
2.595780967693682442e+02 1.324754874297227047e-01
