0.000000000000000000e+00 5.414387625434753204e+01
8.000000000000000444e-01 4.123972314679254936e+01
1.600000000000000089e+00 2.426017090848534252e+01
2.400000000000000355e+00 1.515262329373945249e+01
3.200000000000000178e+00 1.081051775768693801e+01
4.000000000000000000e+00 8.301264003219703369e+00
4.800000000000000711e+00 6.522953167278652487e+00
5.600000000000000533e+00 5.225095267999968485e+00
6.400000000000000355e+00 4.312174973250708199e+00
7.200000000000000178e+00 3.676247059069059020e+00
8.000000000000000000e+00 3.218738059660998463e+00
