0.000000000000000000e+00 1.360419909147130397e+02
8.000000000000000444e-01 8.898204308174356925e+01
1.600000000000000089e+00 3.834842008191439788e+01
2.400000000000000355e+00 1.910591981162912845e+01
3.200000000000000178e+00 1.325114140903093585e+01
4.000000000000000000e+00 1.005301157369797238e+01
4.800000000000000711e+00 7.476063703018435369e+00
5.600000000000000533e+00 5.585418108091458222e+00
6.400000000000000355e+00 4.412793861204216128e+00
7.200000000000000178e+00 3.708973907910966705e+00
8.000000000000000000e+00 3.238270754475722768e+00
