0.000000000000000000e+00 3.427745368177750152e+01
8.000000000000000444e-01 2.814097900757056436e+01
1.600000000000000089e+00 1.887594622148724710e+01
2.400000000000000355e+00 1.293106725097568344e+01
3.200000000000000178e+00 9.557208039094867047e+00
4.000000000000000000e+00 7.464194888979805320e+00
4.800000000000000711e+00 6.013057867881441254e+00
5.600000000000000533e+00 4.957714925964332053e+00
6.400000000000000355e+00 4.184407142293895987e+00
7.200000000000000178e+00 3.613472753774098045e+00
8.000000000000000000e+00 3.183224973230696087e+00
