#time   x    y
0.0    79.6393937494652    195.99947575237513
8.0e-10    88.94563057135315    195.0087578652116
1.6e-9    98.20946628777958    193.95531213131548
2.4e-9    107.46790496990629    192.89309357666076
3.2e-9    116.72514154879103    191.8292692988985
4.0e-9    125.97947368718472    190.7635778160206
4.8e-9    135.22029797968267    189.691971034951
5.6000000000000005e-9    144.40882579514548    188.60741736968026
6.4e-9    153.45673444721842    187.5209236590846
7.2e-9    162.30010624458575    186.50329456075394
8.0e-9    171.07202653372147    185.61699590629252
8.800000000000001e-9    179.9999836446481    184.77356714244468
9.6e-9    189.12294093625206    183.85027843292121
1.04e-8    198.3442716216796    182.84174596580422
1.1200000000000001e-8    207.59484052562019    181.79291272002823
1.2e-8    216.8525702247159    180.72804595223184
1.28e-8    226.11894960878428    179.64063376711482
1.3600000000000001e-8    235.43109916904152    178.4740267700209
1.44e-8    244.9379526443721    177.09985452797508
1.52e-8    254.90286555749083    175.5065085938553
1.6e-8    265.2182606649543    174.06818777235983
1.68e-8    275.2688778339721    172.97468071518736
1.7600000000000002e-8    284.85220570167934    171.9818608043502
1.84e-8    294.1970845574837    170.9554101623705
1.92e-8    303.4728686939942    169.90267227331768
2.0e-8    312.73386406540965    168.8415198789933
2.08e-8    321.992145558184    167.77838790292364
2.16e-8    331.2498889407658    166.71477258683692
2.2400000000000002e-8    340.5070191286826    165.65059679626958
2.32e-8    349.7608449577733    164.58398015051733
2.4e-8    358.99639735873404    163.50701610926103
2.48e-8    368.1468692037484    162.3982291452232
2.56e-8    377.012620361189    161.2484036241893
2.64e-8    385.33986042908856    160.1876603773924
2.7200000000000002e-8    393.29525155901104    159.45307513823735
2.8000000000000003e-8    401.4964953300526    158.9661096286996
2.88e-8    410.2506324125841    158.36260626230188
2.96e-8    419.3603726653024    157.50613236459262
3.04e-8    428.5881803560682    156.50403014414647
3.12e-8    437.8406779618478    155.45345346248502
3.2e-8    447.0934076874885    154.38467992759885
3.28e-8    456.3158390846902    153.26262058887738
3.36e-8    465.2993365926931    151.78170308890847
3.4400000000000004e-8    473.01953721569026    148.45657159680962
3.5200000000000004e-8    479.44875671424194    141.69982320625002
3.6e-8    489.68991558522225    142.89543210813093
3.68e-8    501.23260587574646    139.03198347639525
3.76e-8    508.4565402269809    135.14756007557958
3.84e-8    519.9957034653863    139.30241287552812
3.92e-8    529.6815240579266    139.8962587324055
4.0e-8    538.9984466809449    139.0654883741987
4.08e-8    548.2633334308748    138.03138858262156
4.16e-8    557.518525640282    136.97072208975555
4.24e-8    566.7658132148599    135.90643698087987
4.32e-8    576.0010072258065    134.84414191538647
4.4000000000000004e-8    585.2259997601507    133.78858010304663
4.4800000000000004e-8    594.4528628829952    132.73928946943286
4.5600000000000005e-8    603.6918631638717    131.6892748413417
4.64e-8    612.9421839845618    130.63373387899398
4.72e-8    622.198077938679    129.57350118852995
4.8e-8    631.4556549233101    128.5110146511984
4.88e-8    640.7135020271676    127.44774109530196
4.96e-8    649.9713227709041    126.38423170763357
5.04e-8    659.2291142954808    125.32064293761546
5.12e-8    668.4869241790203    124.2569905466169
5.2e-8    677.7448379391401    123.19322164427707
5.28e-8    687.0030155480266    122.12925068537884
5.3600000000000004e-8    696.2616580641952    121.0650512292438
5.4400000000000004e-8    705.5208128831928    120.00076794496488
5.5200000000000005e-8    714.7801762348499    118.9366498628983
5.6000000000000005e-8    724.0392303294421    117.87277375049999
5.68e-8    733.2974251652529    116.8087154183016
5.76e-8    742.5526207084756    115.74184692664237
5.84e-8    751.7880311929538    114.65309783188823
5.92e-8    760.8730485430391    113.39798229122466
6.000000000000001e-8    768.8467410733953    111.06091766050879
6.08e-8    764.364436586712    105.37537069376678
6.16e-8    583.8305730327073    99.91346564339742
6.24e-8    182.49424624018513    99.23846388868087
6.32e-8    40.62812034279325    99.7791966199212
6.4e-8    32.82490277096003    99.12899541249361
6.48e-8    40.31094350721809    98.13182215776077
6.56e-8    49.36464774175677    97.07481835908519
6.64e-8    58.56903492430469    96.0046421301716
6.72e-8    67.7368613850479    94.9337115401578
6.8e-8    76.82462820678965    93.89007059447113
6.880000000000001e-8    85.87787528870749    92.89865407399388
6.96e-8    94.98805878879037    91.92795005564797
7.040000000000001e-8    104.17984208429827    90.92778230151916
7.12e-8    113.41771740443997    89.89140345175902
7.2e-8    122.67102239655689    88.83618188857498
7.28e-8    131.92799558134806    87.77449710494574
7.36e-8    141.18537307192895    86.71071638365525
7.44e-8    150.4404344564354    85.64460682436355
7.52e-8    159.681097157609    84.56992885746895
7.6e-8    168.85200517261856    83.46698717319224
7.68e-8    177.77324074826527    82.31757691233858
7.760000000000001e-8    186.1671825909279    81.22400248832615
7.84e-8    194.11393723598746    80.44006211575929
7.920000000000001e-8    202.22575084618077    79.95262655178233
8.0e-8    210.89876086623053    79.39208000746812
