#time   x    y
0.0    79.6393937494652    195.99947575237513
8.0e-10    85.87322990402791    195.38255051977288
1.6e-9    92.060563431729    194.69826503943315
2.4e-9    98.23629141920028    193.9958367977583
3.2e-9    104.40905720094459    193.2885234958104
4.0e-9    110.58091184127173    192.5797729337758
4.8e-9    116.75203369129821    191.87027837887604
5.6000000000000005e-9    122.92143568697229    191.15964698562996
6.4e-9    129.0859236971461    190.4464596896028
7.2e-9    135.2370290794161    189.72790404178468
8.0e-9    141.35527074120355    189.0003919804693
8.800000000000001e-9    147.404329309258    188.26424106513866
9.6e-9    153.33681326746478    187.53452495064798
1.04e-8    159.12693200072263    186.8482756103828
1.1200000000000001e-8    164.81485825316392    186.24534232175594
1.2e-8    170.5054755058946    185.726751684067
1.28e-8    176.3018322180488    185.2409584250866
1.3600000000000001e-8    182.24118606349347    184.72313593015988
1.44e-8    188.29622095181017    184.1410952765552
1.52e-8    194.41890178182996    183.50073222118135
1.6e-8    200.57280473326202    182.82316342572156
1.68e-8    206.7388975425218    182.12619673977727
1.7600000000000002e-8    212.9095825292288    181.41901815649518
1.84e-8    219.08344009745542    180.7023993725124
1.92e-8    225.26468204784743    179.9668804649926
2.0e-8    231.46973942132254    179.1853949462087
2.08e-8    237.74510259747706    178.30407825847826
2.16e-8    244.19082939610215    177.25641319644802
2.2400000000000002e-8    250.93966772527293    176.0428771203588
2.32e-8    258.0187586838988    174.8217580392622
2.4e-8    265.2128188070634    173.80627600126442
2.48e-8    272.2104414738813    173.03478522043454
2.56e-8    278.8798088174903    172.38220255532744
2.64e-8    285.28930456459267    171.73829174539796
2.7200000000000002e-8    291.55702119630456    171.06881422438659
2.8000000000000003e-8    297.76329857684067    170.37817849281475
2.88e-8    303.9465855867024    169.67649407281704
2.96e-8    310.122038824127    168.9701191736906
3.04e-8    316.2949751910198    168.2619707019753
3.12e-8    322.4671211655332    167.5531845717786
3.2e-8    328.6389800873008    166.8441325846781
3.28e-8    334.8105817017055    166.13482922647995
3.36e-8    340.98151811263307    165.42494537562004
3.4400000000000004e-8    347.1502976759712    164.71342559187255
3.5200000000000004e-8    353.3121694982696    163.99744398165817
3.6e-8    359.4531020359964    163.27042744010458
3.68e-8    365.5359905753679    162.52040171574893
3.76e-8    371.4791010575135    161.73554406085978
3.84e-8    377.15017747122    160.92948635136693
3.92e-8    382.429755701431    160.17677058144605
4.0e-8    387.33915990771663    159.5969537196565
4.08e-8    392.09398423497834    159.26061974099952
4.16e-8    396.9936904189619    159.1115382983326
4.24e-8    402.2487269387068    158.99324424669004
4.32e-8    407.88980558039304    158.75548443101337
4.4000000000000004e-8    413.8125097128045    158.34144688585394
4.4800000000000004e-8    419.8871037783971    157.7828674736332
4.5600000000000005e-8    426.0261689229766    157.1390823728881
4.64e-8    432.18795228086105    156.4548586483258
4.72e-8    438.356254928729    155.75325132620765
4.8e-8    444.5242168295335    155.04149373754026
4.88e-8    450.6832976323136    154.31177931408888
4.96e-8    456.80472259565204    153.52117672981908
5.04e-8    462.77873566797757    152.51003391886587
5.12e-8    468.2510684971146    150.776115703477
5.2e-8    472.59897959851793    147.19186273260905
5.28e-8    476.39679692512607    140.67987200896627
5.3600000000000004e-8    482.3938239232872    134.24637542446584
5.4400000000000004e-8    487.68104895189134    134.98453755017331
5.5200000000000005e-8    492.6658275000246    140.9425977601673
5.6000000000000005e-8    498.1083935579766    138.36381787653607
5.68e-8    497.5048463793675    134.68861383368167
5.76e-8    495.7495981799561    133.81979150581486
5.84e-8    494.1701623466717    134.9986938985826
5.92e-8    494.04364615547905    137.33254826875105
6.000000000000001e-8    495.5396340732347    137.87134775950744
6.08e-8    495.9647305631911    136.75419616360654
6.16e-8    495.3870617701824    136.29929148178468
6.24e-8    494.99219427713064    136.71647525498807
6.32e-8    495.1781669327822    137.12052154598211
6.4e-8    495.44699463774157    137.01023842431277
6.48e-8    495.4177921792381    136.78104363415767
6.56e-8    495.27641621920276    136.7771183116804
6.64e-8    495.2511978569681    136.89487373331318
6.72e-8    495.31838788683814    136.93003056073633
6.8e-8    495.3492643730398    136.87865441903205
6.880000000000001e-8    495.32310817371376    136.84716509701045
6.96e-8    495.300194723501    136.86503522044183
7.040000000000001e-8    495.3074471060719    136.8861968596618
7.12e-8    495.32124656303756    136.88269953827623
7.2e-8    495.3212175304393    136.87087561175744
7.28e-8    495.3141163023106    136.8694921013441
7.36e-8    495.3122099689536    136.87520814727498
7.44e-8    495.31535494735823    136.87746748948086
7.52e-8    495.31718528865053    136.87513283405548
7.6e-8    495.31605975573495    136.87334039375477
7.68e-8    495.3148135729352    136.87405872114414
7.760000000000001e-8    495.31505672189235    136.87517597901697
7.84e-8    495.31576424656805    136.87510762112422
7.920000000000001e-8    495.31582995168776    136.87451382090254
8.0e-8    495.3154833457815    136.8743887725985
