#time   x    y
0.0    79.63939374970893    175.99999334525876
8.0e-10    85.82029991033198    175.29775766978344
1.6e-9    91.99483448136571    174.59083123350288
2.4e-9    98.16737925622701    173.88232446979697
3.2e-9    104.33904340772554    173.17287554713715
4.0e-9    110.50937625645349    172.46164513231537
4.8e-9    116.6751938108231    171.7445381184223
5.6000000000000005e-9    122.82377285857211    171.00673768762897
6.4e-9    128.90676673864408    170.19783324358806
7.2e-9    134.75384854088188    169.16220361510884
8.0e-9    139.87901586273932    167.50851141255916
8.800000000000001e-9    143.45059350111336    164.53254930787932
9.6e-9    145.36157280698004    159.41091671698354
1.04e-8    148.21510621755021    153.15666517647554
1.1200000000000001e-8    155.42345452150204    154.22199274801187
1.2e-8    167.12570416344286    153.13941432615854
1.28e-8    169.91058009908835    145.9165786549892
1.3600000000000001e-8    174.10327171683247    143.6649799910104
1.44e-8    183.45336023310378    148.10709366801294
1.52e-8    190.79415433234306    151.18770384829318
1.6e-8    197.23370384747452    151.6464367686541
1.68e-8    203.47590485219558    151.24383079618056
1.7600000000000002e-8    209.66671300530564    150.612664487237
1.84e-8    215.84369076015886    149.9233867966918
1.92e-8    222.01700742550264    149.21930360960377
2.0e-8    228.18944622508022    148.5113298988042
2.08e-8    234.36182451319596    147.80222243925553
2.16e-8    240.53443701722833    147.09269013217644
2.2400000000000002e-8    246.707401814493    146.38296240361726
2.32e-8    252.88070573191305    145.67319103960895
2.4e-8    259.05420284238437    144.9635173153393
2.48e-8    265.22766336802465    144.25403628044643
2.56e-8    271.40087363846106    143.5447624254411
2.64e-8    277.5737214375823    142.83564294233324
2.7200000000000002e-8    283.74621202202655    142.12660364956673
2.8000000000000003e-8    289.9184239511299    141.4175873421446
2.88e-8    296.0904523967074    140.7085650374335
2.96e-8    302.2623740572635    139.9995276798814
3.04e-8    308.43423697785306    139.29047145434677
3.12e-8    314.6060612152615    138.58137773262024
3.2e-8    320.7778299806687    137.87216256558756
3.28e-8    326.9494297568893    137.16249417975058
3.36e-8    333.1203953647282    136.45108441941517
3.4400000000000004e-8    339.2888895043693    135.7328865135403
3.5200000000000004e-8    345.4476396535    134.98791525230916
3.6e-8    351.56828564657286    134.137326610469
3.68e-8    357.5516334242345    132.88778968436006
3.76e-8    363.18929319311167    130.36441497002278
3.84e-8    368.8127973522758    125.22293169839728
3.92e-8    376.5113977940277    118.47884998980109
4.0e-8    387.05055497004184    113.95681681515259
4.08e-8    399.5720781309264    113.34252297717558
4.16e-8    409.83948518999983    114.99230599936534
4.24e-8    417.3212935364326    115.57440040312483
4.32e-8    423.83410504819955    115.28664496107397
4.4000000000000004e-8    430.0910983513649    114.69640514185524
4.4800000000000004e-8    436.2842297675052    114.01906546274402
4.5600000000000005e-8    442.4617638111249    113.31708534850694
4.64e-8    448.63635936103657    112.60565570969973
4.72e-8    454.8135904320692    111.88391139074749
4.8e-8    461.00233394961157    111.14004720921176
4.88e-8    467.22483388068565    110.34875239196717
4.96e-8    473.52921006190826    109.47478433336576
5.04e-8    479.9874998981332    108.50237320068575
5.12e-8    486.64351303857376    107.48438460356195
5.2e-8    493.42925689339876    106.53360533702039
5.28e-8    500.1770786030895    105.71961174618203
5.3600000000000004e-8    506.7561905508879    105.01077983635128
5.4400000000000004e-8    513.154311796867    104.33761680661193
5.5200000000000005e-8    519.4299714719705    103.65907580191836
5.6000000000000005e-8    525.6423533253046    102.96563631864177
5.68e-8    531.8250372555414    102.25738086642593
5.76e-8    537.9852081742071    101.52434914948176
5.84e-8    544.0918768006223    100.71465517173615
5.92e-8    550.0055281541157    99.6377876106515
6.000000000000001e-8    555.2949257691387    97.72613726538826
6.08e-8    559.3109332299167    93.81918969298906
6.16e-8    562.9288228548272    87.09639815959765
6.24e-8    568.8558042729837    81.90543855206722
6.32e-8    574.4814782991269    86.01706582177856
6.4e-8    582.8071980779955    87.47189166372253
6.48e-8    584.5095057140933    82.03285443307388
6.56e-8    583.4572948079679    79.2742739605154
6.64e-8    583.2374758397235    77.93375824594456
6.72e-8    584.9838901654205    76.71304949131232
6.8e-8    591.9528973372    76.62538662633943
6.880000000000001e-8    602.1733654601156    80.6662378617734
6.96e-8    609.6748491889725    82.76750234831232
7.040000000000001e-8    616.163303895412    82.89422251142534
7.12e-8    622.4130015474278    82.40155710792769
7.2e-8    628.6043372400399    81.74720191839009
7.28e-8    634.7811278709552    81.05205292580995
7.36e-8    640.954241285135    80.34657723949158
7.44e-8    647.1264103560247    79.63845314449578
7.52e-8    653.298331186029    78.92963911328962
7.6e-8    659.4701798043824    78.2206401556048
7.68e-8    665.641991486933    77.51158453114452
7.760000000000001e-8    671.8137496205268    76.80249840106514
7.84e-8    677.9853929619486    76.0933769275601
7.920000000000001e-8    684.1567936797705    75.3842078730781
8.0e-8    690.3277289680742    74.67499514052331
