#time   x    y
0.0    79.63939374937739    167.99999882390554
8.0e-10    85.81155120978681    167.2916321353188
1.6e-9    91.98338111370433    166.58257147183545
2.4e-9    98.15521602883054    165.87351079383066
3.2e-9    104.32705227645074    165.1644500981035
4.0e-9    110.49888888136115    164.45538938737604
4.8e-9    116.67072558275703    163.7463286634348
5.6000000000000005e-9    122.84256231025269    163.03726792823892
6.4e-9    129.01439904513208    162.32820718335665
7.2e-9    135.1862357820323    161.61914643015567
8.0e-9    141.35807251939443    160.91008567014802
8.800000000000001e-9    147.52990925687814    160.20102490397218
9.6e-9    153.7017459942527    159.49196413241154
1.04e-8    159.87358273165086    158.78290335636265
1.1200000000000001e-8    166.04541946920273    158.0738425762642
1.2e-8    172.21725620684924    157.36478179292126
1.28e-8    178.38909294440722    156.65572100698515
1.3600000000000001e-8    184.56092968197513    155.94666021847098
1.44e-8    190.73276641936826    155.23759942782146
1.52e-8    196.9046031567369    154.52853863527724
1.6e-8    203.07643989432188    153.81947784099913
1.68e-8    209.24827663192147    153.11041704552224
1.7600000000000002e-8    215.42011336950853    152.40135624900608
1.84e-8    221.59195010706802    151.69229545146027
1.92e-8    227.7637868444401    150.98323465313248
2.0e-8    233.93562358183985    150.27417385384518
2.08e-8    240.10746031942327    149.56511305384007
2.16e-8    246.27929705699606    148.85605225350582
2.2400000000000002e-8    252.4511337946282    148.14699145271314
2.32e-8    258.6229705321722    147.43793065154213
2.4e-8    264.7948072695084    146.72886985008287
2.48e-8    270.9666440069742    146.01980904801775
2.56e-8    277.13848074451784    145.3107482457126
2.64e-8    283.3103174821084    144.60168744338833
2.7200000000000002e-8    289.4821542197536    143.89262664086706
2.8000000000000003e-8    295.65399095726536    143.18356583826628
2.88e-8    301.8258276946194    142.47450503548393
2.96e-8    307.99766443210984    141.76544423229865
3.04e-8    314.1695011695942    141.05638342911732
3.12e-8    320.34133790720705    140.34732262590367
3.2e-8    326.5131746448591    139.63826182270074
3.28e-8    332.68501138234285    138.92920101956167
3.36e-8    338.8568481197592    138.22014021620564
3.4400000000000004e-8    345.02868485722564    137.511079412606
3.5200000000000004e-8    351.200521594681    136.80201860909386
3.6e-8    357.3723583323153    136.09295780546228
3.68e-8    363.54419506995396    135.3838970019394
3.76e-8    369.7160318074562    134.67483619858166
3.84e-8    375.88786854491565    133.9657753950098
3.92e-8    382.05970528230233    133.25671459131303
4.0e-8    388.23154201978036    132.5476537876482
4.08e-8    394.40337875742506    131.8385929838521
4.16e-8    400.5752154950071    131.1295321802525
4.24e-8    406.74705223249015    130.42047137675644
4.32e-8    412.918888969918    129.71141057307423
4.4000000000000004e-8    419.0907257073134    129.00234976939356
4.4800000000000004e-8    425.26256244485137    128.29328896561265
4.5600000000000005e-8    431.43439918251477    127.58422816182824
4.64e-8    437.6062359200701    126.87516735835099
4.72e-8    443.7780726576257    126.16610655481279
4.8e-8    449.94990939504333    125.45704575118663
4.88e-8    456.1217461323968    124.74798494757435
4.96e-8    462.2935828699742    124.03892414379759
5.04e-8    468.46541960760834    123.3298633401055
5.12e-8    474.6372563451612    122.6208025366698
5.2e-8    480.80909308271424    121.91174173317603
5.28e-8    486.98092982012093    121.20268092972455
5.3600000000000004e-8    493.15276655748795    120.4936201262232
5.4400000000000004e-8    499.3246032951337    119.78455932261836
5.5200000000000005e-8    505.49644003271067    119.07549851920677
5.6000000000000005e-8    511.6682767702974    118.36643771594356
5.68e-8    517.8401135078773    117.65737691272379
5.76e-8    524.0119502452358    116.9483161096617
5.84e-8    530.1837869826506    116.23925530644367
5.92e-8    536.3556237202373    115.53019450326563
6.000000000000001e-8    542.527460457816    114.82113370044485
6.08e-8    548.6992971954464    114.11207289777587
6.16e-8    554.8711339329856    113.40301209528754
6.24e-8    561.042970670318    112.69395129303398
6.32e-8    567.2148074077974    111.98489049069829
6.4e-8    573.3866441453399    111.27582968865256
6.48e-8    579.5584808829251    110.56676888710109
6.56e-8    585.7303176205722    109.8577080859139
6.64e-8    591.902154358067    109.148647285204
6.72e-8    598.0739910954055    108.43958648488109
6.8e-8    604.2458278329348    107.73052568485758
6.880000000000001e-8    610.4176645704133    107.02146488558307
6.96e-8    616.589501308022    106.31240408707623
7.040000000000001e-8    622.7613380456761    105.60334328952348
7.12e-8    628.9331747831575    104.89428249310726
7.2e-8    635.1050115205787    104.18522169767687
7.28e-8    641.2768482580319    103.4761609034072
7.36e-8    647.4486849954817    102.76710011082787
7.44e-8    653.6205217331091    102.05803931997126
7.52e-8    659.7923584706944    101.3489785313785
7.6e-8    665.9641952080173    100.63991774543356
7.68e-8    672.1360319448726    99.93085696215421
7.760000000000001e-8    678.3078686800143    99.22179618210733
7.84e-8    684.479705409357    98.5127354059546
7.920000000000001e-8    690.6515421172077    97.80367463419957
8.0e-8    696.8233787452518    97.0946138679108
