2.000000000000000000e+01 1.604010025062656553e+00
3.000000000000000000e+01 1.102756892230576602e+00
4.000000000000000000e+01 8.521303258145362935e-01
5.000000000000000000e+01 8.020050125313282763e-01
6.000000000000000000e+01 6.766917293233083441e-01
8.000000000000000000e+01 6.015037593984962072e-01
1.000000000000000000e+02 6.015037593984962072e-01
1.200000000000000000e+02 5.513784461152883010e-01
1.400000000000000000e+02 5.012531328320801727e-01
1.600000000000000000e+02 4.761904761904761640e-01
1.800000000000000000e+02 4.511278195488722109e-01
2.000000000000000000e+02 4.511278195488722109e-01
